0.0 -0.489371 0.0860335 0 0 0 0.0237567647764 0.999717768236
0.025 -0.484973 0.0862421 0 0 0 0.0236476954268 0.99972035415
0.05 -0.479985 0.0864777 0 0 0 0.0235486730098 0.99972269155
0.075 -0.474515 0.0867351 0 0 0 0.0234628967163 0.999724708346
0.1 -0.468705 0.0870602 0 0 0 0.0244133742352 0.999701949162
0.125 -0.462324 0.0873718 0 0 0 0.0243841829279 0.999702661606
0.151 -0.45546 0.0877068 0 0 0 0.0243749856624 0.999702885899
0.175 -0.448224 0.0881588 0 0 0 0.0256619826027 0.999670677098
0.202 -0.431978 0.0889936 0 0 0 0.0256701799014 0.999670466636
0.225 -0.431978 0.0889936 0 0 0 0.0256701799014 0.999670466636
0.25 -0.423184 0.0894454 0 0 0 0.0256643318287 0.999670616789
0.275 -0.413801 0.0899278 0 0 0 0.0256917227939 0.999669913211
0.3 -0.404168 0.0905391 0 0 0 0.0266561922192 0.999644660575
0.325 -0.393874 0.0910894 0 0 0 0.0267468598801 0.999642238747
0.351 -0.383098 0.0916673 0 0 0 0.0268241821272 0.999640166887
0.376 -0.372161 0.0922548 0 0 0 0.0268282806516 0.999640056899
0.4 -0.361276 0.0929861 0 0 0 0.0275627088946 0.999620076368
0.425 -0.350072 0.0936027 0 0 0 0.0274071176965 0.999624354395
0.451 -0.326752 0.0948631 0 0 0 0.026443617181 0.999650306412
0.474 -0.326752 0.0948631 0 0 0 0.026443617181 0.999650306412
0.5 -0.30356 0.0962317 0 0 0 0.0243780347561 0.99970281155
0.524 -0.2916 0.0967907 0 0 0 0.0223220958236 0.999750830976
0.55 -0.2916 0.0967907 0 0 0 0.0223220958236 0.999750830976
0.576 -0.279155 0.0973165 0 0 0 0.0199032856818 0.99980190999
0.6 -0.26671 0.0980082 0 0 0 0.0180150254215 0.999837716262
0.625 -0.253725 0.0984412 0 0 0 0.0153164010855 0.999882697049
0.65 -0.240629 0.0988066 0 0 0 0.0125843678197 0.999920813708
0.676 -0.227425 0.0991032 0 0 0 0.00987558946975 0.999951235177
0.699 -0.214714 0.09967 0 0 0 0.00801596415231 0.999967871643
0.726 -0.201776 0.0998422 0 0 0 0.00529037532179 0.999986005867
0.752 -0.175845 0.0999696 0 0 0 -0.000460457983729 0.999999893989
0.779 -0.163013 0.0999172 0 0 0 -0.00362217207939 0.999993439913
0.799 -0.150075 0.0997813 0 0 0 -0.00688369563455 0.999976307087
0.826 -0.136727 0.0980771 0 0 0 -0.0128657450347 0.999917232877
0.85 -0.136727 0.0980771 0 0 0 -0.0128657450347 0.999917232877
0.875 -0.12331 0.0976851 0 0 0 -0.0163466719034 0.999866384232
0.9 -0.109682 0.0971903 0 0 0 -0.0199405282892 0.999801167899
0.925 -0.0959076 0.0960695 0 0 0 -0.0244962494428 0.999699921858
0.951 -0.082611 0.0953687 0 0 0 -0.0281494311169 0.999603726247
0.975 -0.0696416 0.0945907 0 0 0 -0.031762257063 0.999495452229
1.0 -0.056545 0.0927288 0 0 0 -0.0368303683279 0.999321531825
1.025 -0.0437513 0.0917419 0 0 0 -0.0401361162503 0.999194221447
1.05 -0.0309642 0.0906727 0 0 0 -0.0432651907668 0.999063623233
1.077 -0.00546353 0.0883121 0 0 0 -0.0489367465918 0.99880187967
1.1 -0.00546353 0.0883121 0 0 0 -0.0489367465918 0.99880187967
1.125 0.00760675 0.0855593 0 0 0 -0.0535633543714 0.998564453137
1.149 0.0202012 0.0841721 0 0 0 -0.0560820601213 0.998426162784
1.175 0.0452628 0.0812281 0 0 0 -0.0607296085804 0.998154253932
1.2 0.0452628 0.0812281 0 0 0 -0.0607296085804 0.998154253932
1.225 0.0581571 0.0782366 0 0 0 -0.0646194436797 0.997909979657
1.25 0.0704526 0.0766134 0 0 0 -0.0665422950438 0.997783605282
1.276 0.0827954 0.0749381 0 0 0 -0.0682618754058 0.99766743776
1.3 0.0958695 0.0720562 0 0 0 -0.0710086904519 0.997475696887
1.326 0.120946 0.0684027 0 0 0 -0.0734642579292 0.997297850598
1.357 0.120946 0.0684027 0 0 0 -0.0734642579292 0.997297850598
1.376 0.133584 0.0665163 0 0 0 -0.074572210274 0.997215616331
1.399 0.146838 0.0640626 0 0 0 -0.0757952388313 0.997123403481
1.424 0.159415 0.0621278 0 0 0 -0.0767070763625 0.997053671793
1.45 0.171776 0.0602042 0 0 0 -0.0775226405118 0.996990591835
1.477 0.183921 0.0582951 0 0 0 -0.0782254995554 0.996935690614
1.5 0.195746 0.0564209 0 0 0 -0.0787957339423 0.99689078254
1.524 0.207042 0.053603 0 0 0 -0.0800901298309 0.996787625878
1.55 0.219125 0.0516454 0 0 0 -0.0803517838203 0.996766567877
1.583 0.231367 0.0496578 0 0 0 -0.0804235508048 0.996760779965
1.602 0.255958 0.0456713 0 0 0 -0.0800208528975 0.996793189735
1.626 0.255741 0.0448894 0 0 0 -0.0805725656421 0.996748745505
1.649 0.26809 0.0428859 0 0 0 -0.0801105639604 0.996785983821
1.676 0.28044 0.0408958 0 0 0 -0.0794790840068 0.996836533844
1.7 0.292763 0.038153 0 0 0 -0.0791476314719 0.996862905535
1.725 0.30517 0.0361815 0 0 0 -0.0782708600484 0.996932130321
1.749 0.317582 0.0342337 0 0 0 -0.0772345069974 0.997012954243
1.775 0.329998 0.0323139 0 0 0 -0.0760290621832 0.997105602082
1.8 0.342365 0.0304331 0 0 0 -0.0747467218641 0.997202550925
1.825 0.354672 0.0278873 0 0 0 -0.0737434984439 0.997277241512
1.849 0.366942 0.0260808 0 0 0 -0.0723088393287 0.997382289674
1.878 0.379271 0.0243027 0 0 0 -0.0708071989138 0.997490020292
1.902 0.391658 0.0225555 0 0 0 -0.0692121225311 0.997601965763
1.925 0.403851 0.0197855 0 0 0 -0.0683895762783 0.997658692067
1.95 0.416299 0.0180932 0 0 0 -0.0666251108537 0.997778078835
1.975 0.428754 0.0164455 0 0 0 -0.0648105422547 0.997897586736
2.0 0.441108 0.0148571 0 0 0 -0.0629693119434 0.998015463684
2.025 0.453459 0.012496 0 0 0 -0.0616493818106 0.998097867808
2.049 0.465983 0.0109678 0 0 0 -0.0596949892596 0.998216663985
2.076 0.47862 0.00947657 0 0 0 -0.0576999353737 0.998333970902
2.101 0.491102 0.00805495 0 0 0 -0.0556387533917 0.998450964805
2.124 0.503568 0.00596833 0 0 0 -0.0539288253655 0.998544782068
2.15 0.515795 0.00467197 0 0 0 -0.0516574977207 0.998664860165
2.175 0.528027 0.00343226 0 0 0 -0.0493029040642 0.998783872342
2.203 0.540425 0.0022348 0 0 0 -0.0469445901725 0.998897494968
2.223 0.552882 0.000667945 0 0 0 -0.0447786719755 0.998996932196
2.248 0.565397 -0.00042643 0 0 0 -0.0424132236345 0.999100154369
2.274 0.577971 -0.00146637 0 0 0 -0.0400808607485 0.999196439446
2.299 0.59055 -0.00244751 0 0 0 -0.0377415842288 0.999287532605
2.327 0.615658 -0.00464384 0 0 0 -0.0329076577436 0.999458396364
2.349 0.615658 -0.00464384 0 0 0 -0.0329076577436 0.999458396364
2.375 0.628196 -0.00543835 0 0 0 -0.0303648318839 0.999538882178
2.4 0.640845 -0.00617451 0 0 0 -0.0277585839182 0.999614656265
2.424 0.653699 -0.00707306 0 0 0 -0.0252558642837 0.999681019785
2.45 0.666141 -0.00766872 0 0 0 -0.0225793809579 0.999745053279
2.476 0.678532 -0.00819605 0 0 0 -0.0199493265387 0.999800992383
2.501 0.703482 -0.00906543 0 0 0 -0.0149118473037 0.999888812224
2.524 0.70327 -0.00955991 0 0 0 -0.0150255845594 0.999887109532
2.549 0.715774 -0.00990583 0 0 0 -0.0126282143352 0.999920260922
2.575 0.728281 -0.0101926 0 0 0 -0.0102939681899 0.999947015706
2.6 0.740681 -0.0104195 0 0 0 -0.0080029645693 0.999967975766
2.625 0.752993 -0.0109725 0 0 0 -0.00570676902395 0.999983716261
2.649 0.765502 -0.0110876 0 0 0 -0.00349891786075 0.999993878768
2.675 0.778065 -0.0111485 0 0 0 -0.00134763959208 0.999999091933
2.702 0.790682 -0.0111562 0 0 0 0.000737064933263 0.999999728368
2.725 0.803245 -0.0111126 0 0 0 0.00273188660188 0.999996268391
2.75 0.815737 -0.0112671 0 0 0 0.00477441686096 0.999988602407
2.776 0.828193 -0.0111258 0 0 0 0.006572802673 0.999978398899
2.8 0.840647 -0.0109404 0 0 0 0.00831125431101 0.999965460929
2.825 0.853101 -0.0107131 0 0 0 0.00993983631618 0.999950598607
2.849 0.86549 -0.0106132 0 0 0 0.011617538653 0.999932514121
2.875 0.878049 -0.010305 0 0 0 0.0129198405381 0.999916535377
2.903 0.890608 -0.00996595 0 0 0 0.0140656861579 0.999901073343
2.924 0.903112 -0.0096015 0 0 0 0.0150716793391 0.99988641579
2.949 0.915796 -0.0101782 0 0 0 0.0154258381548 0.99988101468
2.975 0.928407 -0.0097782 0 0 0 0.0162820805009 0.999867438141
3.0 0.94091 -0.00936077 0 0 0 0.0170916677397 0.999853926778
3.025 0.953412 -0.00892458 0 0 0 0.0177814128495 0.99984189818
3.05 0.966039 -0.00899124 0 0 0 0.0186501686531 0.999826070479
3.076 0.978379 -0.008524 0 0 0 0.0191934713596 0.999815788362
3.101 1.00316 -0.0075489 0 0 0 0.0200903482697 0.999798168585
3.125 1.00316 -0.0075489 0 0 0 0.0200903482697 0.999798168585
3.15 1.01582 -0.00783512 0 0 0 0.0206638291628 0.999786480287
3.175 1.02822 -0.00731936 0 0 0 0.0209308713914 0.999780925315
3.201 1.04071 -0.00679318 0 0 0 0.0211413248109 0.999776497216
3.225 1.06576 -0.00572391 0 0 0 0.0215122904163 0.999768583904
3.249 1.06572 -0.00626102 0 0 0 0.0217391373523 0.999763677029
3.277 1.07827 -0.00571311 0 0 0 0.0218830031198 0.999760538416
3.3 1.09083 -0.00516265 0 0 0 0.0219436885441 0.999759208276
3.325 1.10327 -0.0046159 0 0 0 0.021961134339 0.999758825207
3.349 1.11538 -0.00448154 0 0 0 0.0220608601724 0.99975662961
3.376 1.12788 -0.00393094 0 0 0 0.0219650833862 0.999758738452
3.401 1.14022 -0.00339046 0 0 0 0.0218127698881 0.99976207323
3.425 1.15266 -0.00284967 0 0 0 0.0216138667932 0.999766393095
3.449 1.1648 -0.00222161 0 0 0 0.021719292039 0.999764108354
3.475 1.17708 -0.00169077 0 0 0 0.0214671508428 0.999769554165
3.5 1.18931 -0.00116869 0 0 0 0.0211917135194 0.999775430423
3.525 1.20156 -0.000900867 0 0 0 0.0207653573731 0.99978437672
3.549 1.2139 -0.000392597 0 0 0 0.0204033340969 0.999791830312
3.575 1.22635 0.00010995 0 0 0 0.0199514761108 0.99980094949
3.6 1.23874 0.000598444 0 0 0 0.0194430247799 0.999810966527
3.625 1.25108 0.0010716 0 0 0 0.0188813279401 0.999821731838
3.649 1.26328 0.00142807 0 0 0 0.0180641674235 0.999836829615
3.674 1.27567 0.00186704 0 0 0 0.0173360315265 0.999849719713
3.702 1.28812 0.00228874 0 0 0 0.0165246478599 0.999863458685
3.725 1.30046 0.00268592 0 0 0 0.0156433619028 0.999877635128
3.75 1.31246 0.00295653 0 0 0 0.0145759838168 0.999893764705
3.775 1.3248 0.00330399 0 0 0 0.013564883962 0.999907992729
3.8 1.33699 0.00362122 0 0 0 0.0124671770141 0.999922281729
3.824 1.34928 0.00391301 0 0 0 0.011266311648 0.999936533097
3.85 1.36151 0.00405946 0 0 0 0.00968564855561 0.999953093006
3.874 1.37386 0.00428127 0 0 0 0.00827835544285 0.999965733828
3.899 1.38615 0.00446586 0 0 0 0.00673454909233 0.999977322667
3.925 1.3985 0.00461122 0 0 0 0.00503757869315 0.99998731132
3.949 1.41077 0.00463434 0 0 0 0.00302581038283 0.999995422225
3.974 1.42312 0.00468499 0 0 0 0.00107583479247 0.99999942129
4.0 1.43552 0.00468589 0 0 0 -0.00100397983134 0.999999496012
4.024 1.44803 0.00463345 0 0 0 -0.00318698460501 0.999994921552
4.049 1.46047 0.00441614 0 0 0 -0.0057147688935 0.999983670575
4.075 1.47309 0.00424161 0 0 0 -0.00811746084982 0.999967052872
4.099 1.4857 0.00400508 0 0 0 -0.0106298998026 0.999943501019
4.128 1.51093 0.00333345 0 0 0 -0.016014115446 0.999871765831
4.149 1.51091 0.00334997 0 0 0 -0.0159166778665 0.999873321659
4.175 1.52363 0.00290959 0 0 0 -0.0186985102218 0.999825167575
4.199 1.53629 0.00240017 0 0 0 -0.0215134401501 0.999768559164
4.224 1.54907 0.00174789 0 0 0 -0.0247093349231 0.999694677773
4.249 1.56172 0.00108452 0 0 0 -0.0276636703816 0.999617287436
4.274 1.57443 0.000341678 0 0 0 -0.0307408562538 0.999527388197
4.3 1.59982 -0.00138502 0 0 0 -0.0372036623078 0.999307704119
4.328 1.59982 -0.00138502 0 0 0 -0.0372036623078 0.999307704119
4.35 1.61263 -0.00247801 0 0 0 -0.0410445169643 0.999157318758
4.374 1.62525 -0.0035612 0 0 0 -0.0445226275938 0.999008376157
4.399 1.63787 -0.00473387 0 0 0 -0.0481265524366 0.99884124612
4.426 1.65026 -0.00597756 0 0 0 -0.0518462444555 0.998655079062
4.45 1.66291 -0.00756125 0 0 0 -0.0564879157117 0.998403282937
4.475 1.67549 -0.00904001 0 0 0 -0.0604181815024 0.998173152987
4.5 1.68812 -0.010626 0 0 0 -0.0644677606169 0.997919790284
4.528 1.70068 -0.0123092 0 0 0 -0.0686684192078 0.997639538212
4.55 1.71317 -0.0140933 0 0 0 -0.0730977460164 0.997324781366
4.574 1.72563 -0.015891 0 0 0 -0.0774109770795 0.996999268118
4.599 1.73825 -0.0179238 0 0 0 -0.0821881887932 0.996616827885
4.625 1.75079 -0.0200708 0 0 0 -0.0871463161521 0.996195522767
4.649 1.76334 -0.0221331 0 0 0 -0.091700991185 0.995786587686
4.674 1.77578 -0.0245129 0 0 0 -0.096959929924 0.99528828587
4.699 1.78804 -0.026994 0 0 0 -0.102364878829 0.994746918358
4.724 1.80007 -0.0295646 0 0 0 -0.107882628095 0.994163637715
4.749 1.81222 -0.0323053 0 0 0 -0.113509823277 0.993536874011
4.774 1.82433 -0.0349679 0 0 0 -0.118770474589 0.992921736274
4.799 1.83647 -0.0379901 0 0 0 -0.124628099957 0.992203525846
4.827 1.84852 -0.0411443 0 0 0 -0.130692560878 0.991422944324
4.849 1.86069 -0.0444906 0 0 0 -0.136936385814 0.990579843445
4.874 1.87269 -0.0477264 0 0 0 -0.142853115684 0.989743899875
4.9 1.88461 -0.0513272 0 0 0 -0.14936298544 0.988782432379
4.925 1.89654 -0.0551021 0 0 0 -0.15597504201 0.987760996532
4.95 1.90831 -0.0590031 0 0 0 -0.162642278212 0.986685101407
4.974 1.92003 -0.0631551 0 0 0 -0.169409521859 0.985545744196
5.001 1.93164 -0.0673581 0 0 0 -0.176153529781 0.984362704467
5.024 1.9432 -0.0717201 0 0 0 -0.182918773332 0.983128029487
5.048 1.95464 -0.0762215 0 0 0 -0.189730349243 0.981836236129
5.073 1.96599 -0.0810028 0 0 0 -0.196703899295 0.980462939637
5.1 1.97735 -0.0858465 0 0 0 -0.203640588906 0.979045714229
5.125 1.98859 -0.0908293 0 0 0 -0.21062230369 0.977567514389
5.149 1.9998 -0.0959952 0 0 0 -0.217655269675 0.976025708464
5.174 2.01102 -0.101419 0 0 0 -0.224626281624 0.974444987469
5.199 2.02223 -0.106976 0 0 0 -0.231629593005 0.972804056141
5.225 2.03336 -0.112694 0 0 0 -0.238640342304 0.971108020266
5.249 2.05511 -0.124745 0 0 0 -0.252956089219 0.96747776043
5.274 2.05511 -0.124745 0 0 0 -0.252956089219 0.96747776043
5.298 2.07665 -0.137256 0 0 0 -0.267155951877 0.963653307667
5.323 2.07665 -0.137256 0 0 0 -0.267155951877 0.963653307667
5.35 2.08733 -0.143775 0 0 0 -0.274246910316 0.961659311909
5.375 2.0977 -0.150637 0 0 0 -0.28159934566 0.959532077903
5.4 2.10813 -0.157445 0 0 0 -0.288656683266 0.957432670847
5.427 2.11842 -0.164375 0 0 0 -0.295672579072 0.955289341501
5.45 2.13868 -0.178684 0 0 0 -0.309583992255 0.950872100621
5.474 2.13862 -0.178754 0 0 0 -0.309615846296 0.950861729024
5.499 2.14864 -0.186161 0 0 0 -0.316488590363 0.94859631676
5.525 2.15854 -0.193711 0 0 0 -0.323265745355 0.946308225622
5.552 2.1683 -0.201368 0 0 0 -0.33002022457 0.943973861595
5.574 2.17777 -0.209351 0 0 0 -0.336901437667 0.941539920183
5.599 2.1873 -0.217287 0 0 0 -0.343646848072 0.939098953151
5.624 2.19675 -0.225395 0 0 0 -0.35038347257 0.936606332538
5.652 2.20617 -0.233708 0 0 0 -0.357070727549 0.934077349863
5.674 2.21525 -0.24243 0 0 0 -0.363871068782 0.93144932514
5.699 2.22443 -0.25101 0 0 0 -0.37040082352 0.928872020214
5.724 2.23352 -0.259756 0 0 0 -0.376866011914 0.926267784749
5.749 2.24249 -0.268626 0 0 0 -0.383232997454 0.923651703654
5.774 2.25106 -0.277905 0 0 0 -0.389747596722 0.92092171809
5.799 2.25971 -0.286943 0 0 0 -0.395906223347 0.918290946441
5.824 2.2682 -0.296056 0 0 0 -0.401867166827 0.915697974349
5.849 2.28481 -0.314551 0 0 0 -0.412598629375 0.910912932743
5.874 2.28481 -0.314551 0 0 0 -0.412598629375 0.910912932743
5.9 2.30084 -0.333753 0 0 0 -0.422509218075 0.906358626947
5.923 2.30084 -0.333753 0 0 0 -0.422509218075 0.906358626947
5.948 2.30883 -0.343379 0 0 0 -0.427555575337 0.903989065198
5.973 2.31614 -0.354147 0 0 0 -0.433480556715 0.901162919205
5.999 2.32392 -0.364007 0 0 0 -0.438638423789 0.898663637395
6.024 2.3316 -0.373956 0 0 0 -0.443802940636 0.896124405361
6.051 2.33918 -0.384036 0 0 0 -0.448961694292 0.893551004173
6.074 2.34641 -0.394498 0 0 0 -0.45428148 0.890858202482
6.098 2.35366 -0.404621 0 0 0 -0.459368397101 0.888245841952
6.123 2.3608 -0.414827 0 0 0 -0.464401768094 0.885624637073
6.151 2.36774 -0.42498 0 0 0 -0.469408262574 0.882981247268
6.175 2.37462 -0.435299 0 0 0 -0.474388267282 0.880315722832
6.199 2.38119 -0.445871 0 0 0 -0.479379464859 0.877607730522
6.224 2.38786 -0.456389 0 0 0 -0.484288713085 0.874908247977
6.253 2.39442 -0.466982 0 0 0 -0.489189301839 0.872177634984
6.275 2.40088 -0.477693 0 0 0 -0.494078841911 0.869417102417
6.298 2.40709 -0.488641 0 0 0 -0.498978803245 0.866614189771
6.324 2.41334 -0.499542 0 0 0 -0.50386286415 0.863783661648
6.351 2.41949 -0.510559 0 0 0 -0.508756696531 0.860910345933
6.375 2.42548 -0.521599 0 0 0 -0.513642724195 0.858004167753
6.399 2.43119 -0.532706 0 0 0 -0.518482223593 0.855088407019
6.423 2.44248 -0.55497 0 0 0 -0.528073201401 0.849198854193
6.448 2.44248 -0.55497 0 0 0 -0.528073201401 0.849198854193
6.473 2.44779 -0.566256 0 0 0 -0.532862720714 0.84620170224
6.498 2.45307 -0.577422 0 0 0 -0.537694250872 0.843139900953
6.524 2.45823 -0.588697 0 0 0 -0.542524989485 0.840039663221
6.55 2.46327 -0.600031 0 0 0 -0.54734622234 0.836906274854
6.574 2.46822 -0.61152 0 0 0 -0.552182707978 0.833723129708
6.599 2.47286 -0.623155 0 0 0 -0.557042207145 0.83048418375
6.625 2.47755 -0.634807 0 0 0 -0.561907524361 0.827200056858
6.65 2.48211 -0.646513 0 0 0 -0.56677819641 0.823870424323
6.675 2.48652 -0.658222 0 0 0 -0.571661958994 0.82048924712
6.699 2.49073 -0.670206 0 0 0 -0.576533722107 0.817073354891
6.726 2.49487 -0.682067 0 0 0 -0.581442027119 0.81358783736
6.749 2.49888 -0.694029 0 0 0 -0.586365713187 0.810046449531
6.774 2.50273 -0.705987 0 0 0 -0.591292024305 0.806457526466
6.8 2.50641 -0.718208 0 0 0 -0.59617228414 0.802856529912
6.827 2.51337 -0.742296 0 0 0 -0.60604184597 0.795432763301
6.851 2.51337 -0.742296 0 0 0 -0.60604184597 0.795432763301
6.874 2.51975 -0.766654 0 0 0 -0.615909576968 0.787816852446
6.899 2.51967 -0.766837 0 0 0 -0.615885942186 0.787835329379
6.927 2.52546 -0.791398 0 0 0 -0.625642606792 0.780109818274
6.95 2.52546 -0.791398 0 0 0 -0.625642606792 0.780109818274
6.975 2.52809 -0.803573 0 0 0 -0.630443945106 0.776234778968
6.998 2.53056 -0.816158 0 0 0 -0.635198112997 0.772349245642
7.024 2.53293 -0.828606 0 0 0 -0.639993648878 0.768380198467
7.051 2.53514 -0.841082 0 0 0 -0.644825533132 0.764329792577
7.075 2.53718 -0.853479 0 0 0 -0.649673596417 0.760213271469
7.099 2.53894 -0.8661 0 0 0 -0.654533183236 0.756033274428
7.124 2.54065 -0.878491 0 0 0 -0.659377153881 0.75181232295
7.15 2.54223 -0.891064 0 0 0 -0.664197642912 0.747557015317
7.174 2.54362 -0.903496 0 0 0 -0.668949789947 0.743307593483
7.198 2.54575 -0.928573 0 0 0 -0.678328248336 0.734758999611
7.224 2.54575 -0.928573 0 0 0 -0.678328248336 0.734758999611
7.25 2.54667 -0.940995 0 0 0 -0.682921823597 0.730491466654
7.275 2.54742 -0.953321 0 0 0 -0.687484920324 0.726198653488
7.299 2.54817 -0.965655 0 0 0 -0.691858593284 0.722033023413
7.324 2.54863 -0.978103 0 0 0 -0.696375699635 0.717677424027
7.35 2.54892 -0.990555 0 0 0 -0.700861819371 0.713297070054
7.375 2.54966 -1.00281 0 0 0 -0.704859459682 0.709346982863
7.399 2.54966 -1.01527 0 0 0 -0.709303754758 0.704902960333
7.423 2.54919 -1.04034 0 0 0 -0.718202059854 0.695834607663
7.448 2.54919 -1.04034 0 0 0 -0.718202059854 0.695834607663
7.473 2.54947 -1.0526 0 0 0 -0.7220563201 0.691834279726
7.5 2.54885 -1.06509 0 0 0 -0.726486421348 0.687180820161
7.523 2.54808 -1.07758 0 0 0 -0.730889945371 0.682495338999
7.549 2.54715 -1.08989 0 0 0 -0.735280195239 0.677763258439
7.574 2.54639 -1.10206 0 0 0 -0.739370547935 0.673298739674
7.598 2.54515 -1.1144 0 0 0 -0.743727997375 0.668482360216
7.631 2.54374 -1.12678 0 0 0 -0.748067345348 0.663622819699
7.65 2.54218 -1.13914 0 0 0 -0.752401290348 0.658705016136
7.679 2.54044 -1.15152 0 0 0 -0.756709443818 0.653751342359
7.699 2.53651 -1.17607 0 0 0 -0.765247038512 0.643736724173
7.731 2.53622 -1.17621 0 0 0 -0.76539829551 0.643556873345
7.75 2.534 -1.18852 0 0 0 -0.769625877257 0.638495112789
7.774 2.53131 -1.20093 0 0 0 -0.773968813942 0.633223716427
7.798 2.52874 -1.21323 0 0 0 -0.778197149545 0.628020060539
7.823 2.52602 -1.22544 0 0 0 -0.782399841586 0.622776434916
7.849 2.52313 -1.23761 0 0 0 -0.786573376841 0.617496820109
7.875 2.52009 -1.24969 0 0 0 -0.790699042099 0.612205051288
7.9 2.51308 -1.2739 0 0 0 -0.798942630398 0.601407244164
7.925 2.51308 -1.2739 0 0 0 -0.798942630398 0.601407244164
7.949 2.50957 -1.2858 0 0 0 -0.802945155883 0.596052914298
7.983 2.50206 -1.30949 0 0 0 -0.810889199571 0.585199714643
8.001 2.50206 -1.30949 0 0 0 -0.810889199571 0.585199714643
8.025 2.49751 -1.32153 0 0 0 -0.815006261063 0.579452150249
8.048 2.49332 -1.33332 0 0 0 -0.818887487667 0.573954077032
8.073 2.48898 -1.34505 0 0 0 -0.822728782462 0.568434121521
8.099 2.48402 -1.35698 0 0 0 -0.826617292943 0.562764472055
8.123 2.47937 -1.36854 0 0 0 -0.830358088904 0.5572301537
8.148 2.47456 -1.38008 0 0 0 -0.83405631568 0.551679311081
8.175 2.46956 -1.39161 0 0 0 -0.837703783485 0.546124867713
8.198 2.4639 -1.4033 0 0 0 -0.841438565155 0.540352793155
8.224 2.4586 -1.41469 0 0 0 -0.845034668692 0.534711519147
8.249 2.45317 -1.42596 0 0 0 -0.848590306672 0.529050556585
8.277 2.44761 -1.4371 0 0 0 -0.852100171364 0.523378732813
8.299 2.4419 -1.44818 0 0 0 -0.855556596304 0.517709291514
8.324 2.4356 -1.45937 0 0 0 -0.859039295652 0.511909648791
8.349 2.4296 -1.47029 0 0 0 -0.862389040248 0.506246129132
8.374 2.42346 -1.48113 0 0 0 -0.865673914489 0.500608303739
8.399 2.4164 -1.49233 0 0 0 -0.868968948504 0.494866614894
8.426 2.40342 -1.51359 0 0 0 -0.875166575285 0.483821729054
8.448 2.40342 -1.51359 0 0 0 -0.875166575285 0.483821729054
8.475 2.39667 -1.52419 0 0 0 -0.878182915038 0.478324960394
8.499 2.38896 -1.53513 0 0 0 -0.881278179861 0.472597894304
8.524 2.38192 -1.5456 0 0 0 -0.884231032346 0.467049763341
8.549 2.37477 -1.55593 0 0 0 -0.887153571523 0.461474311889
8.579 2.36749 -1.56617 0 0 0 -0.890047793669 0.455867222977
8.599 2.36005 -1.57636 0 0 0 -0.892902075236 0.450250912314
8.623 2.35164 -1.58668 0 0 0 -0.895840931503 0.444374870401
8.649 2.34398 -1.59664 0 0 0 -0.898587596104 0.438794179687
8.675 2.33623 -1.60645 0 0 0 -0.901288665707 0.433219045136
8.7 2.32832 -1.61621 0 0 0 -0.903946593014 0.427645363564
8.724 2.31139 -1.63568 0 0 0 -0.909242215454 0.416267454453
8.75 2.31139 -1.63568 0 0 0 -0.909242215454 0.416267454453
8.774 2.30319 -1.64506 0 0 0 -0.911799422122 0.410635865236
8.799 2.2948 -1.65442 0 0 0 -0.914333897966 0.404961137678
8.823 2.28569 -1.66386 0 0 0 -0.916874975034 0.399174498378
8.849 2.27707 -1.673 0 0 0 -0.919316478763 0.393519010817
8.875 2.26834 -1.68204 0 0 0 -0.921723098587 0.387848590988
8.899 2.25872 -1.69113 0 0 0 -0.924188345496 0.381937039379
8.924 2.24973 -1.69999 0 0 0 -0.926529171842 0.376222930887
8.95 2.24071 -1.70865 0 0 0 -0.928840226477 0.370480544264
8.977 2.23158 -1.7172 0 0 0 -0.931108397025 0.364742584557
9.0 2.22234 -1.72564 0 0 0 -0.933335736447 0.359004739622
9.024 2.21229 -1.73409 0 0 0 -0.93560541055 0.353047469541
9.049 2.2028 -1.74233 0 0 0 -0.937750262925 0.347310299854
9.077 2.19318 -1.75049 0 0 0 -0.939866766136 0.341541303379
9.101 2.18342 -1.75856 0 0 0 -0.941956172817 0.335735861195
9.123 2.17359 -1.76648 0 0 0 -0.944004771506 0.329931798065
9.148 2.16322 -1.77447 0 0 0 -0.946006262994 0.324148346249
9.175 2.15321 -1.78214 0 0 0 -0.947969138922 0.318362233395
9.199 2.1431 -1.7897 0 0 0 -0.949888810878 0.312587982766
9.224 2.13234 -1.79739 0 0 0 -0.95178558252 0.306764086729
9.248 2.12197 -1.80476 0 0 0 -0.953661692686 0.300880999573
9.274 2.11159 -1.81194 0 0 0 -0.95552798416 0.294900443348
9.299 2.10126 -1.81889 0 0 0 -0.95737988067 0.288831722787
9.323 2.09056 -1.82586 0 0 0 -0.959193234129 0.282751374181
9.348 2.08001 -1.83258 0 0 0 -0.960970738081 0.276650032626
9.374 2.06928 -1.83922 0 0 0 -0.962709432376 0.270537518312
9.397 2.05842 -1.84575 0 0 0 -0.964407924712 0.264418900144
9.424 2.03674 -1.85824 0 0 0 -0.967680615907 0.2521789555
9.449 2.03659 -1.85871 0 0 0 -0.967594819132 0.252507952327
9.475 2.02554 -1.86481 0 0 0 -0.969168870876 0.24639744261
9.5 2.01433 -1.87081 0 0 0 -0.970698326992 0.240301389874
9.524 2.00284 -1.8768 0 0 0 -0.972180070849 0.23423473236
9.548 1.99153 -1.88251 0 0 0 -0.973618195505 0.228183280242
9.574 1.98014 -1.88807 0 0 0 -0.974999768575 0.222205875889
9.598 1.96874 -1.89346 0 0 0 -0.976321936005 0.216322623123
9.623 1.957 -1.89895 0 0 0 -0.977564391428 0.21063679786
9.648 1.94557 -1.90403 0 0 0 -0.978775783881 0.204934050097
9.674 1.93399 -1.90903 0 0 0 -0.979957893206 0.199204737752
9.7 1.92229 -1.91391 0 0 0 -0.981097758938 0.193512757738
9.725 1.91042 -1.91877 0 0 0 -0.982186716919 0.18790756533
9.749 1.89867 -1.92336 0 0 0 -0.983246386006 0.182281497706
9.774 1.88686 -1.92782 0 0 0 -0.984267645333 0.176683905185
9.8 1.87501 -1.93214 0 0 0 -0.985247627075 0.171134781221
9.824 1.86295 -1.93648 0 0 0 -0.98617230461 0.165723219916
9.849 1.85105 -1.94052 0 0 0 -0.987059242322 0.160356016872
9.874 1.83911 -1.94443 0 0 0 -0.987905342885 0.155058161665
9.899 1.82724 -1.94818 0 0 0 -0.98871701739 0.149795392195
9.924 1.81494 -1.95198 0 0 0 -0.989494874346 0.144567955104
9.948 1.80283 -1.95552 0 0 0 -0.990244396867 0.139341431286
9.975 1.79079 -1.95891 0 0 0 -0.990966313023 0.13411102286
9.998 1.77886 -1.96213 0 0 0 -0.99165609139 0.128911583685
10.023 1.76696 -1.96521 0 0 0 -0.992304975387 0.123817752453
10.049 1.75442 -1.96834 0 0 0 -0.992921756846 0.11877030261
10.074 1.74236 -1.97121 0 0 0 -0.993492378503 0.113898612176
10.099 1.73037 -1.97393 0 0 0 -0.994021641158 0.109183226317
10.123 1.71787 -1.97654 0 0 0 -0.994535833573 0.104395764947
10.148 1.70578 -1.97904 0 0 0 -0.995009522224 0.0997800114404
10.174 1.69356 -1.98146 0 0 0 -0.995461312934 0.0951670870216
10.199 1.68142 -1.98374 0 0 0 -0.995891265189 0.0905570975679
10.225 1.66937 -1.9859 0 0 0 -0.996294280121 0.0860099261641
10.248 1.65596 -1.98741 0 0 0 -0.996711469158 0.0810323839561
10.275 1.64382 -1.98935 0 0 0 -0.99704608621 0.0768056116064
10.301 1.63166 -1.99118 0 0 0 -0.99735551606 0.0726771943931
10.324 1.60757 -1.99451 0 0 0 -0.997906952641 0.0646661725348
10.349 1.60704 -1.99529 0 0 0 -0.997875146419 0.0651551391588
10.373 1.5949 -1.99683 0 0 0 -0.998124723886 0.0612130342894
10.399 1.5828 -1.99827 0 0 0 -0.998354716788 0.0573398593155
10.428 1.55781 -2.00167 0 0 0 -0.998733646137 0.050310079244
10.448 1.55781 -2.00167 0 0 0 -0.998733646137 0.050310079244
10.474 1.54547 -2.00287 0 0 0 -0.998913189741 0.0466094342473
10.501 1.53327 -2.00397 0 0 0 -0.999073434753 0.0430380293523
10.524 1.52102 -2.00498 0 0 0 -0.999217355002 0.039556004127
10.551 1.5084 -2.00667 0 0 0 -0.999327132185 0.0366780980762
10.574 1.49592 -2.00754 0 0 0 -0.999445562058 0.033295172061
10.599 1.48344 -2.00833 0 0 0 -0.999548943449 0.0300318106318
10.622 1.47058 -2.00983 0 0 0 -0.99961938349 0.0275878261346
10.649 1.45792 -2.0105 0 0 0 -0.99969654105 0.0246338347065
10.674 1.44553 -2.01107 0 0 0 -0.999760941402 0.0218645843226
10.699 1.4332 -2.01158 0 0 0 -0.999815275986 0.0192201432334
10.724 1.42075 -2.01203 0 0 0 -0.999860034617 0.0167305461854
10.748 1.40795 -2.01326 0 0 0 -0.999887031734 0.0150307607697
10.773 1.39539 -2.01361 0 0 0 -0.999919275716 0.01270598489
10.8 1.38267 -2.0139 0 0 0 -0.999944809056 0.0105061335095
10.825 1.37021 -2.01414 0 0 0 -0.999964834968 0.00838622849285
10.848 1.35726 -2.01525 0 0 0 -0.999974142521 0.0071912648116
10.874 1.34475 -2.0154 0 0 0 -0.999986159252 0.00526130252131
10.905 1.33224 -2.01551 0 0 0 -0.999993940188 0.00348131976283
10.925 1.30706 -2.01561 0 0 0 -0.999999956095 0.00029632679056
10.949 1.30693 -2.01644 0 0 0 -0.999999508636 0.000991326632529
10.973 1.2817 -2.01642 0 0 0 0.999998552744 0.00170132597414
10.999 1.26903 -2.01636 0 0 0 0.999995920701 0.00285632291096
11.025 1.26903 -2.01636 0 0 0 0.999995920701 0.00285632291096
11.049 1.25614 -2.01707 0 0 0 0.999994763099 0.00323632114545
11.074 1.24358 -2.01697 0 0 0 0.999991650978 0.00408631542261
11.101 1.23102 -2.01686 0 0 0 0.999988110742 0.00487630746958
11.124 1.21845 -2.01673 0 0 0 0.999984200384 0.00562129718993
11.149 1.20556 -2.01695 0 0 0 0.999981841748 0.006026290319
11.172 1.19283 -2.01679 0 0 0 0.999977913251 0.00664627786291
11.199 1.18022 -2.01662 0 0 0 0.999973781708 0.00724126350971
11.224 1.1676 -2.01643 0 0 0 0.999969686711 0.00778624811835
11.248 1.15447 -2.01591 0 0 0 0.999963437628 0.00855122257571
11.273 1.14191 -2.01569 0 0 0 0.999959488332 0.00900120524165
11.299 1.12929 -2.01546 0 0 0 0.999955713791 0.00941118786382
11.324 1.11673 -2.01522 0 0 0 0.999952212098 0.00977617106435
11.348 1.10372 -2.01505 0 0 0 0.999949686663 0.0100311585578
11.373 1.09116 -2.0148 0 0 0 0.999947044764 0.0102911451344
11.399 1.0786 -2.01454 0 0 0 0.999945176159 0.0104711354347
11.424 1.0662 -2.01427 0 0 0 0.999944124045 0.0105711298998
11.448 1.05316 -2.01417 0 0 0 0.999944861574 0.0105011337853
11.473 1.04066 -2.01391 0 0 0 0.999945333113 0.0104561362559
11.499 1.01559 -2.01339 0 0 0 0.999948931514 0.010106154756
11.529 1.00308 -2.01314 0 0 0 0.999951672896 0.0098311684212
11.549 1.00256 -2.01314 0 0 0 0.999951377511 0.00986116696696
11.573 0.989998 -2.0129 0 0 0 0.999954386425 0.00955118157107
11.599 0.977383 -2.01266 0 0 0 0.999957576029 0.00921119653418
11.623 0.96466 -2.01243 0 0 0 0.999960738701 0.00886121082552
11.649 0.951454 -2.01214 0 0 0 0.99996275033 0.00863121962327
11.672 0.938946 -2.01192 0 0 0 0.999965336341 0.00832623058769
11.698 0.926492 -2.01172 0 0 0 0.99996814938 0.00798124205798
11.725 0.914038 -2.01153 0 0 0 0.999971110055 0.00760125359412
11.748 0.900851 -2.01122 0 0 0 0.999973418395 0.00729126218972
11.774 0.888289 -2.01104 0 0 0 0.999976598215 0.00684127342839
11.798 0.875781 -2.01087 0 0 0 0.999979479559 0.00640628297462
11.823 0.863379 -2.01072 0 0 0 0.999981992092 0.00600129077107
11.849 0.837838 -2.01022 0 0 0 0.999985974494 0.00529630203365
11.873 0.837838 -2.01022 0 0 0 0.999985974494 0.00529630203365
11.899 0.825276 -2.01009 0 0 0 0.999988256581 0.00484630782407
11.925 0.812713 -2.00997 0 0 0 0.999990445766 0.00437131287333
11.948 0.800311 -2.00987 0 0 0 0.999992525768 0.00386631716228
11.973 0.787254 -2.0094 0 0 0 0.99999360495 0.0035763191713
11.997 0.774959 -2.00932 0 0 0 0.999995344706 0.00305132205995
12.022 0.762718 -2.00925 0 0 0 0.999996796194 0.0025313240916
12.049 0.737111 -2.00912 0 0 0 0.99999886549 0.00150632622525
12.074 0.737111 -2.00912 0 0 0 0.99999886549 0.00150632622525
12.1 0.724655 -2.00909 0 0 0 0.999999468183 0.00103132661207
12.123 0.712199 -2.00907 0 0 0 0.999999839637 0.000566326764624
12.147 0.699037 -2.00895 0 0 0 0.999999993234 0.000116326794634
12.173 0.686581 -2.00896 0 0 0 -0.999999945111 0.000331326788835
12.198 0.674125 -2.00897 0 0 0 -0.999999721498 0.000746326725612
12.224 0.66167 -2.00899 0 0 0 -0.999999331454 0.00115632653721
12.248 0.648228 -2.00811 0 0 0 -0.999999045968 0.00138132635562
12.273 0.635933 -2.00814 0 0 0 -0.999998509898 0.00172632593743
12.299 0.623477 -2.00819 0 0 0 -0.999997760581 0.00211632521512
12.327 0.611129 -2.00825 0 0 0 -0.999996745368 0.00255132402702
12.349 0.598673 -2.00832 0 0 0 -0.999995481003 0.00300632226637
12.373 0.585239 -2.008 0 0 0 -0.999995615275 0.00296132246669
12.399 0.572783 -2.00808 0 0 0 -0.999993887856 0.00349631967154
12.424 0.560489 -2.00817 0 0 0 -0.999991914476 0.00402131595671
12.449 0.548033 -2.00828 0 0 0 -0.999989801413 0.0045163114415
12.473 0.534772 -2.00773 0 0 0 -0.999986809103 0.00513630421062
12.498 0.522263 -2.00786 0 0 0 -0.999984619169 0.00554629835916
12.523 0.509701 -2.008 0 0 0 -0.999982468996 0.00592129219259
12.549 0.483915 -2.00766 0 0 0 -0.999978768818 0.00651628067839
12.575 0.483915 -2.00766 0 0 0 -0.999978768818 0.00651628067839
12.597 0.471514 -2.00782 0 0 0 -0.999976185939 0.00690127201194
12.623 0.446605 -2.00819 0 0 0 -0.999970537148 0.00767625140592
12.647 0.446605 -2.00819 0 0 0 -0.999970537148 0.00767625140592
12.672 0.433286 -2.00761 0 0 0 -0.99996677812 0.00815123652723
12.7 0.408378 -2.00803 0 0 0 -0.999959757918 0.00897120645295
12.724 0.408378 -2.00803 0 0 0 -0.999959757918 0.00897120645295
12.748 0.395166 -2.00779 0 0 0 -0.999955099951 0.00947618496529
12.773 0.382659 -2.00803 0 0 0 -0.999951672896 0.0098311684212
12.797 0.370205 -2.00828 0 0 0 -0.999948424956 0.01015615219
12.825 0.357752 -2.00854 0 0 0 -0.999944966536 0.0104911343362
12.85 0.345245 -2.00881 0 0 0 -0.999941179174 0.0108461141308
12.873 0.332157 -2.00871 0 0 0 -0.999939320886 0.0110161039737
12.898 0.319812 -2.00899 0 0 0 -0.999936084168 0.0113060859094
12.923 0.307359 -2.00927 0 0 0 -0.999932763356 0.0115960668944
12.949 0.294853 -2.00956 0 0 0 -0.99992959597 0.0118660483145
12.973 0.281806 -2.0094 0 0 0 -0.99992659821 0.0121160303401
12.997 0.269353 -2.0097 0 0 0 -0.999923908486 0.0123360138967
13.024 0.256848 -2.01001 0 0 0 -0.999921796914 0.0125060007821
13.048 0.244342 -2.01033 0 0 0 -0.999920604332 0.0126009932962
13.074 0.231329 -2.01036 0 0 0 -0.999919402726 0.0126959856966
13.098 0.218823 -2.01068 0 0 0 -0.999919529635 0.012685986502
13.124 0.206264 -2.011 0 0 0 -0.999919973033 0.0126509893107
13.149 0.193759 -2.01131 0 0 0 -0.999920667325 0.012595993693
13.172 0.180881 -2.01136 0 0 0 -0.999922420964 0.0124560046766
13.198 0.168268 -2.01167 0 0 0 -0.999923537955 0.0123660116084
13.223 0.155709 -2.01198 0 0 0 -0.999925014677 0.0122460206951
13.248 0.143256 -2.01229 0 0 0 -0.99992659821 0.0121160303401
13.274 0.130338 -2.01228 0 0 0 -0.999927082052 0.0120760332665
13.298 0.117885 -2.01258 0 0 0 -0.999929001418 0.0119160447795
13.323 0.105433 -2.01287 0 0 0 -0.999931364628 0.0117160587422
13.347 0.0928728 -2.01316 0 0 0 -0.999934032874 0.0114860742205
13.372 0.0800252 -2.01316 0 0 0 -0.999937321788 0.011196092872
13.398 0.067465 -2.01344 0 0 0 -0.999940308285 0.0109261093903
13.422 0.0550119 -2.01371 0 0 0 -0.999943647332 0.0106161273747
13.448 0.0420479 -2.01366 0 0 0 -0.999946218272 0.0103711408649
13.473 0.0294872 -2.01392 0 0 0 -0.999949586302 0.0100411580542
13.498 0.00436543 -2.01441 0 0 0 -0.999955854846 0.00939618852706
13.522 0.00436543 -2.01441 0 0 0 -0.999955854846 0.00939618852706
13.548 -0.00814205 -2.01464 0 0 0 -0.999958946459 0.00906120279471
13.573 -0.0209429 -2.01469 0 0 0 -0.999959713049 0.00897620625163
13.598 -0.0333433 -2.01491 0 0 0 -0.999962793474 0.00862621980941
13.623 -0.0457437 -2.01512 0 0 0 -0.999965627147 0.00829123179583
13.65 -0.0580906 -2.01532 0 0 0 -0.999968388368 0.00795124300991
13.674 -0.0705987 -2.01552 0 0 0 -0.999971223961 0.00758625402661
13.698 -0.0832824 -2.01547 0 0 0 -0.999973817902 0.00723626364071
13.723 -0.0957907 -2.01565 0 0 0 -0.999976666578 0.00683127366207
13.749 -0.108246 -2.01581 0 0 0 -0.999979543572 0.0063962831795
13.773 -0.120897 -2.01579 0 0 0 -0.999983604636 0.00572629549979
13.798 -0.133406 -2.01593 0 0 0 -0.999985948 0.00530130196346
13.823 -0.145915 -2.01605 0 0 0 -0.999988037485 0.00489130729069
13.849 -0.158478 -2.01617 0 0 0 -0.999989936453 0.00448631174543
13.873 -0.171181 -2.01591 0 0 0 -0.999991589571 0.00410131529692
13.898 -0.18353 -2.01601 0 0 0 -0.999992963782 0.00375131799651
13.923 -0.195985 -2.0161 0 0 0 -0.999994061422 0.0034463199728
13.948 -0.208334 -2.01618 0 0 0 -0.999995003011 0.00316132152919
13.973 -0.220789 -2.01626 0 0 0 -0.999995949215 0.00284632295161
13.998 -0.233528 -2.01612 0 0 0 -0.999995920701 0.00285632291096
14.025 -0.245931 -2.01619 0 0 0 -0.999996821457 0.00252132412351
14.049 -0.25844 -2.01625 0 0 0 -0.999997631802 0.00217632507691
14.073 -0.271003 -2.0163 0 0 0 -0.999998286295 0.00185132573735
14.098 -0.283735 -2.01631 0 0 0 -0.999998027254 0.00198632548872
14.126 -0.296244 -2.01636 0 0 0 -0.999998527112 0.00171632595224
14.148 -0.3087 -2.0164 0 0 0 -0.99999886549 0.00150632622525
14.173 -0.321317 -2.01643 0 0 0 -0.999999086958 0.00135132638362
14.198 -0.334166 -2.01645 0 0 0 -0.999998594965 0.0016763260098
14.224 -0.346729 -2.01649 0 0 0 -0.99999878113 0.00156132616054
14.25 -0.359346 -2.01653 0 0 0 -0.999999004079 0.00141132632637
14.273 -0.371855 -2.01656 0 0 0 -0.999999284401 0.00119632650953
14.298 -0.384719 -2.01608 0 0 0 -0.999999949969 0.000316326789621
14.323 -0.397551 -2.01608 0 0 0 -0.999999999773 2.1326794895e-05
14.349 -0.410383 -2.01608 0 0 0 0.999999959008 0.000286326790984
14.375 -0.423053 -2.01607 0 0 0 0.999999819203 0.000601326758657
14.398 -0.435775 -2.01602 0 0 0 0.999999784618 0.000656326747776
14.423 -0.448338 -2.016 0 0 0 0.999999624739 0.00086632668653
14.449 -0.461063 -2.01597 0 0 0 0.999999463013 0.0010363266094
14.475 -0.473733 -2.01595 0 0 0 0.99999929037 0.0011913265131
14.498 -0.486315 -2.01592 0 0 0 0.999999473327 0.00102632661472
14.523 -0.498932 -2.01589 0 0 0 0.999999308128 0.00117632652361
14.549 -0.511388 -2.01586 0 0 0 0.999999113785 0.00133132640162
14.574 -0.523951 -2.01582 0 0 0 0.999998932262 0.00146132627479
14.599 -0.536471 -2.01581 0 0 0 0.999999229554 0.0012413264761
14.623 -0.549088 -2.01578 0 0 0 0.999999066576 0.00136632636978
14.649 -0.561598 -2.01574 0 0 0 0.999998827519 0.00153132619641
14.675 -0.574107 -2.0157 0 0 0 0.99999858657 0.00168132600275
14.698 -0.586726 -2.01503 0 0 0 0.999995540929 0.00298632235615
14.723 -0.599128 -2.01496 0 0 0 0.999994971347 0.00317132147906
14.749 -0.611637 -2.01487 0 0 0 0.999994300214 0.00337632038011
14.776 -0.6242 -2.01479 0 0 0 0.999993479166 0.00361131894527
14.797 -0.637084 -2.01397 0 0 0 0.999986962742 0.00510630460404
14.824 -0.649701 -2.01384 0 0 0 0.999985439864 0.00539630060445
14.849 -0.662102 -2.0137 0 0 0 0.999984031295 0.00565129671341
14.873 -0.674509 -2.01294 0 0 0 0.9999757004 0.00697127032799
14.898 -0.686802 -2.01276 0 0 0 0.999974821179 0.00709626723575
14.923 -0.699257 -2.01259 0 0 0 0.999974214384 0.00718126506981
14.949 -0.711711 -2.01241 0 0 0 0.999974178465 0.00718626494079
14.973 -0.724112 -2.01223 0 0 0 0.999974393603 0.00715626571221
14.998 -0.736259 -2.01156 0 0 0 0.999972424962 0.00742625853436
15.023 -0.748553 -2.01137 0 0 0 0.999972758131 0.00738125976773
15.048 -0.760846 -2.01119 0 0 0 0.999973345432 0.00730126192354
15.078 -0.773301 -2.01101 0 0 0 0.99997385407 0.00723126377153
15.099 -0.78542 -2.01056 0 0 0 0.999971714955 0.00752125588107
15.123 -0.79782 -2.01037 0 0 0 0.999972536243 0.00741125894715
15.15 -0.810221 -2.01019 0 0 0 0.999973418395 0.00729126218972
15.173 -0.822569 -2.01001 0 0 0 0.999973962427 0.00721626416291
15.198 -0.834415 -2.00939 0 0 0 0.999977142317 0.00676127527873
15.223 -0.846762 -2.00922 0 0 0 0.999977913251 0.00664627786291
15.248 -0.85911 -2.00906 0 0 0 0.999978866449 0.00650128099613
15.273 -0.871565 -2.0089 0 0 0 0.999980303926 0.00627628558851
15.298 -0.883748 -2.00875 0 0 0 0.999982939499 0.00584129357621
15.323 -0.896149 -2.00861 0 0 0 0.999984535862 0.00556129812783
15.347 -0.908443 -2.00848 0 0 0 0.999986185546 0.00525630259045
15.379 -0.920607 -2.00838 0 0 0 0.999988759931 0.0047413090306
15.399 -0.933062 -2.00827 0 0 0 0.999990292158 0.00440631253625
15.423 -0.945464 -2.00816 0 0 0 0.999991813631 0.00404631575332
15.448 -0.957919 -2.00807 0 0 0 0.999993260687 0.00367131854749
15.473 -0.970321 -2.00798 0 0 0 0.99999456712 0.00329632082538
15.498 -0.98246 -2.00798 0 0 0 0.999996405245 0.00268132358199
15.523 -0.994755 -2.00792 0 0 0 0.999997420538 0.00227132484196
15.548 -1.007 -2.00787 0 0 0 0.999998323122 0.00183132577126
15.574 -1.01924 -2.00783 0 0 0 0.999999073395 0.00136132637443
15.598 -1.03129 -2.00778 0 0 0 0.999999204527 0.00126132646045
15.623 -1.04363 -2.00776 0 0 0 0.999999666805 0.000816326704231
15.651 -1.05598 -2.00774 0 0 0 0.999999929189 0.000376326786014
15.673 -1.06833 -2.00774 0 0 0 -0.999999999509 3.13267948915e-05
15.698 -1.08053 -2.00772 0 0 0 -0.999999990708 0.000136326794474
15.723 -1.09299 -2.00773 0 0 0 -0.999999913336 0.00041632678287
15.748 -1.10555 -2.00774 0 0 0 -0.999999771291 0.000676326743336
15.773 -1.11817 -2.00776 0 0 0 -0.999999575578 0.000921326664553
15.798 -1.13078 -2.00779 0 0 0 -0.99999932566 0.00116132653385
15.824 -1.1431 -2.00785 0 0 0 -0.999998788924 0.00155632616662
15.849 -1.15556 -2.00789 0 0 0 -0.999998323122 0.00183132577126
15.876 -1.16807 -2.00794 0 0 0 -0.999997718055 0.0021363251699
15.898 -1.18036 -2.00804 0 0 0 -0.999996511698 0.00264132372365
15.923 -1.19292 -2.00811 0 0 0 -0.999995420677 0.00302632217539
15.949 -1.20554 -2.0082 0 0 0 -0.999994300214 0.00337632038011
15.974 -1.21815 -2.00828 0 0 0 -0.999993279031 0.00366631858114
15.998 -1.24328 -2.00848 0 0 0 -0.999992350771 0.00391131682201
16.022 -1.24336 -2.00844 0 0 0 -0.99999183385 0.0040413157942
16.048 -1.25592 -2.00854 0 0 0 -0.99999205461 0.00398631623725
16.072 -1.26854 -2.00864 0 0 0 -0.99999258365 0.00385131727396
16.097 -1.28116 -2.00873 0 0 0 -0.999993569137 0.00358631910717
16.123 -1.29391 -2.00878 0 0 0 -0.99999438431 0.00335132052156
16.148 -1.30647 -2.00886 0 0 0 -0.999995747522 0.00291632266102
16.175 -1.31887 -2.00893 0 0 0 -0.99999712881 0.00239632450146
16.198 -1.33138 -2.00898 0 0 0 -0.999998377611 0.00180132582075
16.223 -1.34423 -2.00902 0 0 0 -0.999999086958 0.00135132638362
16.247 -1.35679 -2.00905 0 0 0 -0.999999856177 0.000536326769185
16.273 -1.36941 -2.00905 0 0 0 0.999999934721 0.000361326787034
16.297 -1.38197 -2.00903 0 0 0 0.999999073395 0.00136132637443
16.322 -1.39459 -2.00894 0 0 0 0.999997140779 0.00239132451579
16.347 -1.40699 -2.00886 0 0 0 0.999993131579 0.00370631830935
16.372 -1.41966 -2.00875 0 0 0 0.999986264278 0.00524130279707
16.397 -1.43239 -2.0086 0 0 0 0.999975630637 0.00698127008464
16.423 -1.445 -2.00842 0 0 0 0.999965044311 0.00836122936936
16.447 -1.45767 -2.00818 0 0 0 0.999945333113 0.0104561362559
16.473 -1.47028 -2.00789 0 0 0 0.999919275716 0.01270598489
16.498 -1.48284 -2.00754 0 0 0 0.999885296585 0.0151457476787
16.522 -1.49537 -2.00726 0 0 0 0.999866810103 0.0163206021765
16.548 -1.50793 -2.00682 0 0 0 0.999819195106 0.0190151806994
16.574 -1.52043 -2.00631 0 0 0 0.999759518092 0.0219295687376
16.6 -1.53292 -2.00572 0 0 0 0.999686357154 0.0250437082064
16.623 -1.54519 -2.00504 0 0 0 0.999597277179 0.0283775167566
16.648 -1.55762 -2.00428 0 0 0 0.999487681229 0.0320058599403
16.674 -1.57005 -2.00344 0 0 0 0.999359021968 0.0357986761116
16.699 -1.59504 -2.00145 0 0 0 0.999038903804 0.0438322790487
16.722 -1.5949 -2.00143 0 0 0 0.999040437322 0.0437973126602
16.747 -1.6073 -2.00029 0 0 0 0.998847437649 0.0479978781069
16.773 -1.61964 -1.99905 0 0 0 0.99862369575 0.0524472524154
16.798 -1.63197 -1.99769 0 0 0 0.998370732813 0.0570603177507
16.823 -1.64413 -1.99621 0 0 0 0.998087507334 0.0618168885078
16.848 -1.65638 -1.99463 0 0 0 0.997774624529 0.0666768224041
16.873 -1.66876 -1.9929 0 0 0 0.997426977717 0.0716897769781
16.899 -1.68114 -1.99105 0 0 0 0.997034938914 0.076950182481
16.922 -1.69323 -1.98909 0 0 0 0.996600755318 0.0823828531948
16.947 -1.7055 -1.98698 0 0 0 0.996118947648 0.0880172831702
16.973 -1.71781 -1.98471 0 0 0 0.995592633477 0.093783304306
16.998 -1.73019 -1.98228 0 0 0 0.995022485218 0.0996506593597
17.024 -1.74221 -1.97976 0 0 0 0.994409314662 0.105594104544
17.048 -1.75443 -1.97706 0 0 0 0.993737757871 0.111737498551
17.073 -1.76661 -1.9742 0 0 0 0.993012325577 0.118010682787
17.098 -1.77865 -1.97122 0 0 0 0.99223610371 0.124368462617
17.123 -1.79057 -1.9681 0 0 0 0.991430937351 0.130631912114
17.148 -1.80243 -1.96484 0 0 0 0.99056568896 0.137038738524
17.173 -1.81439 -1.96138 0 0 0 0.989652583011 0.143484371763
17.199 -1.83793 -1.95407 0 0 0 0.987650502457 0.156673178929
17.223 -1.83774 -1.9541 0 0 0 0.987670861625 0.15654478304
17.248 -1.84951 -1.95018 0 0 0 0.986580265099 0.163277005476
17.273 -1.86132 -1.94607 0 0 0 0.985427625933 0.170095249929
17.297 -1.87308 -1.9418 0 0 0 0.984211941071 0.176993940722
17.322 -1.8962 -1.93284 0 0 0 0.981633840352 0.19077474538
17.35 -1.90781 -1.92805 0 0 0 0.980241753926 0.197803194765
17.373 -1.90781 -1.92805 0 0 0 0.980241753926 0.197803194765
17.4 -1.91941 -1.92308 0 0 0 0.978794223981 0.204845959446
17.423 -1.93088 -1.91796 0 0 0 0.977291856651 0.211897680315
17.449 -1.95356 -1.90731 0 0 0 0.974170934844 0.225811845804
17.471 -1.95356 -1.90731 0 0 0 0.974170934844 0.225811845804
17.498 -1.96476 -1.90172 0 0 0 0.972505882252 0.232878313688
17.523 -1.97574 -1.89556 0 0 0 0.970641829362 0.240529497343
17.547 -1.98667 -1.88968 0 0 0 0.968866306905 0.247584489305
17.595 -2.00839 -1.87739 0 0 0 0.965173299277 0.261611357482
17.606 -2.01938 -1.87086 0 0 0 0.963255296622 0.268587478358
17.623 -2.03003 -1.86431 0 0 0 0.961297893584 0.275511088328
17.648 -2.03011 -1.8639 0 0 0 0.961171056782 0.275953256194
17.674 -2.04067 -1.85719 0 0 0 0.95917626732 0.282808925266
17.698 -2.05122 -1.85027 0 0 0 0.957147060955 0.289602319923
17.723 -2.06162 -1.84323 0 0 0 0.955074186438 0.296366830802
17.748 -2.08216 -1.82824 0 0 0 0.950592833292 0.310440437594
17.779 -2.08216 -1.82824 0 0 0 0.950592833292 0.310440437594
17.801 -2.09216 -1.82082 0 0 0 0.948379037331 0.317139088652
17.823 -2.10215 -1.81299 0 0 0 0.946051634492 0.324015902196
17.848 -2.11202 -1.80521 0 0 0 0.943781852503 0.330568926075
17.873 -2.12175 -1.79734 0 0 0 0.941490275356 0.337040148069
17.898 -2.13128 -1.78941 0 0 0 0.939166349385 0.343462615409
17.925 -2.14074 -1.78131 0 0 0 0.93681085735 0.349836272493
17.949 -2.15009 -1.77308 0 0 0 0.934424577237 0.356161072347
17.975 -2.15962 -1.76468 0 0 0 0.932102484302 0.362194642089
17.998 -2.16891 -1.75606 0 0 0 0.929662245839 0.368412959411
18.022 -2.17822 -1.74744 0 0 0 0.927287251342 0.374350575663
18.047 -2.1872 -1.73866 0 0 0 0.924784944946 0.380490217484
18.072 -2.19603 -1.7298 0 0 0 0.922255518915 0.386580855489
18.111 -2.20478 -1.72078 0 0 0 0.919695796504 0.392631687325
18.123 -2.21352 -1.71149 0 0 0 0.91707843478 0.398706840249
18.147 -2.22206 -1.70221 0 0 0 0.914459391983 0.404677674716
18.172 -2.23052 -1.69278 0 0 0 0.911830217247 0.410567479125
18.199 -2.23882 -1.68328 0 0 0 0.909173518947 0.416417473752
18.225 -2.2469 -1.67379 0 0 0 0.906506733878 0.422191356418
18.248 -2.25506 -1.66427 0 0 0 0.903933763247 0.427672481769
18.272 -2.263 -1.65447 0 0 0 0.901254005299 0.433291146843
18.296 -2.27075 -1.64465 0 0 0 0.898570043618 0.43883012284
18.322 -2.28589 -1.62473 0 0 0 0.893082104164 0.449893715474
18.347 -2.28534 -1.6236 0 0 0 0.892597952479 0.450853518596
18.372 -2.2927 -1.61349 0 0 0 0.889790086639 0.456370027192
18.4 -2.29994 -1.60329 0 0 0 0.886955055558 0.461855745249
18.423 -2.30708 -1.59295 0 0 0 0.884100223752 0.467297329719
18.449 -2.32075 -1.57142 0 0 0 0.878156605837 0.47837325973
18.473 -2.32075 -1.57142 0 0 0 0.878156605837 0.47837325973
18.498 -2.32744 -1.56092 0 0 0 0.875292339352 0.483594169393
18.523 -2.33403 -1.55029 0 0 0 0.872431247038 0.488736860889
18.547 -2.34032 -1.53924 0 0 0 0.869411506032 0.494088689588
18.573 -2.34666 -1.52845 0 0 0 0.866526192966 0.49913160279
18.598 -2.35896 -1.50667 0 0 0 0.860711189892 0.509093554854
18.622 -2.35881 -1.50633 0 0 0 0.86057624988 0.509321625441
18.647 -2.36471 -1.49542 0 0 0 0.857636011607 0.514257203737
18.672 -2.37052 -1.4844 0 0 0 0.854688233461 0.519141621894
18.7 -2.37622 -1.47327 0 0 0 0.851733597517 0.523975074657
18.723 -2.38178 -1.46212 0 0 0 0.848775422386 0.52875351758
18.75 -2.39239 -1.43929 0 0 0 0.84263338147 0.538487682711
18.772 -2.39239 -1.43929 0 0 0 0.84263338147 0.538487682711
18.798 -2.39754 -1.42801 0 0 0 0.839550329757 0.543281919269
18.825 -2.4026 -1.41657 0 0 0 0.836437260825 0.548062686837
18.847 -2.40745 -1.40484 0 0 0 0.833222329371 0.552938106697
18.872 -2.41224 -1.39329 0 0 0 0.830054275166 0.55768261608
18.897 -2.41686 -1.38178 0 0 0 0.826876077135 0.562384168573
18.923 -2.42136 -1.37022 0 0 0 0.82369393116 0.567034661877
18.946 -2.42566 -1.35841 0 0 0 0.820437035644 0.571736889263
18.972 -2.42989 -1.34675 0 0 0 0.817199407832 0.576355036275
18.997 -2.43795 -1.32329 0 0 0 0.810640416467 0.585544289692
19.025 -2.44181 -1.3114 0 0 0 0.807301466217 0.590139256992
19.047 -2.44176 -1.31122 0 0 0 0.80726310546 0.590191730341
19.072 -2.44549 -1.29927 0 0 0 0.803865098945 0.59481165313
19.096 -2.44909 -1.28724 0 0 0 0.800404687036 0.599460037843
19.124 -2.45257 -1.27511 0 0 0 0.796896252414 0.60411618327
19.147 -2.45585 -1.26283 0 0 0 0.79331202956 0.60881526242
19.172 -2.45903 -1.25067 0 0 0 0.789721569678 0.613465436993
19.196 -2.46207 -1.23848 0 0 0 0.786103852141 0.618094437484
19.223 -2.46493 -1.22636 0 0 0 0.782452774756 0.62270992868
19.248 -2.46767 -1.21416 0 0 0 0.778768325509 0.627311641199
19.274 -2.4702 -1.20186 0 0 0 0.775031537061 0.631922555826
19.298 -2.47263 -1.1897 0 0 0 0.77127381388 0.63650349883
19.323 -2.47494 -1.17735 0 0 0 0.767463371633 0.641092796093
19.348 -2.47708 -1.16508 0 0 0 0.763603023636 0.645686009059
19.372 -2.47876 -1.15248 0 0 0 0.759536336895 0.650464874483
19.397 -2.48058 -1.14026 0 0 0 0.75558059747 0.655055692844
19.423 -2.48227 -1.12798 0 0 0 0.751597110491 0.659622455274
19.447 -2.48518 -1.10345 0 0 0 0.743567540191 0.668660835682
19.472 -2.48446 -1.10274 0 0 0 0.743159518766 0.669114287449
19.497 -2.48568 -1.0904 0 0 0 0.739080961131 0.673616606753
19.527 -2.48675 -1.07815 0 0 0 0.734924268214 0.678149187119
19.549 -2.47995 -1.05947 0 0 0 0.725977708675 0.687718231914
19.572 -2.48056 -1.04687 0 0 0 0.721564935808 0.692346765293
19.599 -2.48099 -1.03431 0 0 0 0.717094775451 0.696975668888
19.624 -2.48127 -1.02191 0 0 0 0.712573873265 0.701597088891
19.647 -2.48131 -1.00899 0 0 0 0.707927846293 0.706284761582
19.672 -2.48125 -0.99637 0 0 0 0.703201214457 0.710990894447
19.697 -2.48103 -0.983863 0 0 0 0.698439719752 0.715668888434
19.723 -2.48064 -0.971359 0 0 0 0.693679519217 0.720283780616
19.748 -2.48009 -0.958915 0 0 0 0.688921445111 0.724836010741
19.772 -2.47926 -0.946306 0 0 0 0.684038675779 0.729445741668
19.799 -2.47838 -0.933935 0 0 0 0.679279192188 0.73387994867
19.824 -2.47731 -0.921255 0 0 0 0.674424516772 0.73834380283
19.851 -2.47609 -0.908698 0 0 0 0.669362222614 0.74293621189
19.871 -2.47454 -0.896074 0 0 0 0.664040641295 0.747696480337
19.897 -2.47296 -0.88361 0 0 0 0.658752922602 0.752359346963
19.923 -2.47122 -0.871222 0 0 0 0.653402182463 0.757010956296
19.947 -2.46914 -0.858637 0 0 0 0.647896728959 0.761728185513
19.974 -2.46703 -0.846198 0 0 0 0.642518151496 0.766270464652
19.999 -2.46476 -0.833896 0 0 0 0.637165536253 0.770726981111
20.022 -2.46234 -0.821678 0 0 0 0.63184789659 0.775092404539
20.049 -2.45975 -0.809548 0 0 0 0.626535422222 0.779392946274
20.072 -2.45699 -0.797351 0 0 0 0.621295548142 0.783576315274
20.097 -2.45407 -0.785243 0 0 0 0.615976539176 0.787764497286
20.124 -2.45101 -0.773279 0 0 0 0.610625338736 0.791919627041
20.148 -2.44776 -0.761255 0 0 0 0.605250090503 0.796035381089
20.173 -2.44085 -0.737361 0 0 0 0.59450507459 0.804091858115
20.197 -2.44085 -0.737361 0 0 0 0.59450507459 0.804091858115
20.223 -2.43712 -0.725477 0 0 0 0.58903566886 0.808107035491
20.247 -2.4333 -0.713601 0 0 0 0.583721850612 0.81195369395
20.272 -2.42925 -0.701821 0 0 0 0.578211589312 0.815886853666
20.297 -2.42503 -0.690047 0 0 0 0.57267072808 0.819785482429
20.324 -2.42064 -0.678331 0 0 0 0.56709534451 0.823652153664
20.347 -2.41625 -0.666711 0 0 0 0.561704843485 0.827337699374
20.372 -2.41159 -0.655215 0 0 0 0.556115871207 0.831104769443
20.397 -2.40683 -0.643882 0 0 0 0.550539202992 0.834809311142
20.423 -2.40193 -0.632662 0 0 0 0.544992357854 0.838441011569
20.448 -2.39687 -0.621459 0 0 0 0.539501547601 0.841984608016
20.473 -2.3919 -0.610385 0 0 0 0.534313172287 0.845286598687
20.497 -2.3866 -0.59941 0 0 0 0.528879701898 0.848696801526
20.522 -2.38111 -0.588408 0 0 0 0.52341594626 0.852077312925
20.55 -2.37543 -0.577382 0 0 0 0.517904920846 0.855438187693
20.572 -2.36974 -0.566327 0 0 0 0.512561231501 0.85865067633
20.598 -2.3637 -0.555307 0 0 0 0.50696490376 0.861966696778
20.621 -2.35123 -0.533556 0 0 0 0.495686417141 0.868501569292
20.648 -2.35123 -0.533556 0 0 0 0.495686417141 0.868501569292
20.672 -2.34486 -0.522716 0 0 0 0.490200698542 0.87160958872
20.697 -2.33835 -0.51216 0 0 0 0.484568658924 0.874753230796
20.722 -2.33167 -0.501643 0 0 0 0.478954207665 0.877839886858
20.748 -2.32493 -0.491302 0 0 0 0.473361056469 0.880868497688
20.773 -2.31805 -0.480863 0 0 0 0.467944518901 0.883757844226
20.797 -2.31102 -0.470649 0 0 0 0.462452714934 0.886643945702
20.822 -2.30383 -0.460478 0 0 0 0.456998703999 0.889467360021
20.848 -2.29648 -0.450353 0 0 0 0.45159348183 0.892223810021
20.872 -2.28902 -0.440173 0 0 0 0.446345245898 0.894860839161
20.896 -2.28141 -0.430182 0 0 0 0.441023724453 0.897495445375
20.921 -2.2737 -0.420324 0 0 0 0.435716355636 0.900084027984
20.946 -2.26579 -0.410433 0 0 0 0.430373032997 0.902651124449
20.973 -2.25783 -0.400584 0 0 0 0.425075685704 0.905157810232
20.997 -2.24968 -0.390883 0 0 0 0.41958447325 0.907716293678
21.022 -2.24148 -0.381363 0 0 0 0.414041907498 0.91025781998
21.048 -2.23317 -0.371944 0 0 0 0.408471169164 0.912771222137
21.072 -2.22473 -0.362491 0 0 0 0.402981273387 0.915208224012
21.097 -2.21626 -0.353354 0 0 0 0.397429581322 0.917632675906
21.122 -2.20765 -0.344281 0 0 0 0.391930924555 0.919994646929
21.149 -2.19882 -0.335196 0 0 0 0.386482331682 0.922296810846
21.172 -2.18095 -0.317309 0 0 0 0.375854302995 0.926678770082
21.196 -2.17177 -0.308499 0 0 0 0.370511821081 0.928827750683
21.223 -2.16253 -0.299831 0 0 0 0.365151001755 0.930948304643
21.248 -2.15311 -0.291198 0 0 0 0.359737925623 0.933053388006
21.272 -2.15315 -0.291086 0 0 0 0.359849889439 0.933010212737
21.297 -2.14371 -0.282633 0 0 0 0.354384250713 0.935099889235
21.322 -2.13422 -0.274327 0 0 0 0.348893826227 0.937162258107
21.349 -2.12466 -0.266167 0 0 0 0.343366511729 0.939201489896
21.372 -2.11506 -0.258012 0 0 0 0.337940692217 0.941167407289
21.397 -2.10528 -0.250043 0 0 0 0.332427697025 0.943128743201
21.421 -2.09545 -0.242223 0 0 0 0.326931671109 0.945047978902
21.448 -2.08557 -0.23455 0 0 0 0.32144634498 0.946927794132
21.473 -2.06562 -0.219421 0 0 0 0.310517599238 0.950567630715
21.496 -2.05548 -0.212095 0 0 0 0.304915306787 0.952379470425
21.526 -2.05548 -0.212095 0 0 0 0.304915306787 0.952379470425
21.548 -2.04535 -0.204952 0 0 0 0.299276681014 0.954166373439
21.572 -2.0352 -0.197802 0 0 0 0.293735601483 0.955886706896
21.597 -2.02485 -0.190869 0 0 0 0.288009871689 0.957627439984
21.622 -2.01442 -0.18406 0 0 0 0.282251282646 0.959340509644
21.651 -2.00386 -0.177349 0 0 0 0.276475778335 0.961020886347
21.675 -1.98319 -0.163886 0 0 0 0.265342848454 0.964154122936
21.696 -1.98319 -0.163886 0 0 0 0.265342848454 0.964154122936
21.721 -1.9724 -0.157551 0 0 0 0.259481234751 0.965748149784
21.749 -1.96154 -0.151348 0 0 0 0.253581027028 0.967314148936
21.772 -1.95119 -0.144632 0 0 0 0.248254084544 0.96869495173
21.797 -1.94018 -0.138683 0 0 0 0.242293893771 0.970202900965
21.822 -1.9292 -0.13292 0 0 0 0.236289564403 0.971682685734
21.848 -1.91815 -0.127293 0 0 0 0.230252843837 0.97313083802
21.872 -1.89579 -0.11643 0 0 0 0.218179852027 0.975908577772
21.897 -1.88534 -0.11061 0 0 0 0.212707463043 0.977115927189
21.922 -1.87412 -0.105568 0 0 0 0.206703021062 0.978403731127
21.961 -1.87412 -0.105568 0 0 0 0.206703021062 0.978403731127
21.983 -1.86275 -0.100621 0 0 0 0.20073290891 0.979646007127
21.996 -1.85216 -0.0949379 0 0 0 0.195504646311 0.980702775193
22.022 -1.84053 -0.0901911 0 0 0 0.189527596016 0.981875394512
22.047 -1.82874 -0.0855476 0 0 0 0.183493871897 0.983020853785
22.072 -1.81689 -0.0810496 0 0 0 0.177427639353 0.984133849023
22.097 -1.80716 -0.0747421 0 0 0 0.172995778143 0.984922565862
22.122 -1.79538 -0.0705523 0 0 0 0.166875126641 0.98597803835
22.147 -1.77175 -0.062645 0 0 0 0.154716508261 0.987958907076
22.171 -1.77175 -0.062645 0 0 0 0.154716508261 0.987958907076
22.197 -1.76135 -0.0573005 0 0 0 0.150029885164 0.988681462129
22.222 -1.74948 -0.0536916 0 0 0 0.144156484135 0.989554904026
22.253 -1.73757 -0.0502229 0 0 0 0.138360202366 0.990381973988
22.272 -1.72552 -0.0468642 0 0 0 0.132632028492 0.991165346962
22.297 -1.7125 -0.0442487 0 0 0 0.126318633011 0.991989719178
22.331 -1.70017 -0.0411292 0 0 0 0.120729773076 0.992685409328
22.348 -1.68785 -0.0381608 0 0 0 0.115187247681 0.993343796463
22.372 -1.67495 -0.035814 0 0 0 0.109104373423 0.994030299186
22.397 -1.66267 -0.0331566 0 0 0 0.10362364875 0.9946165791
22.422 -1.65031 -0.0306235 0 0 0 0.0981765970968 0.995169008653
22.447 -1.63798 -0.0282354 0 0 0 0.0927793740712 0.995686691559
22.471 -1.61329 -0.0238662 0 0 0 0.0822021414207 0.996615677152
22.497 -1.61207 -0.0248348 0 0 0 0.080446974661 0.996758889736
22.522 -1.59987 -0.0229176 0 0 0 0.0752802145062 0.997162418718
22.547 -1.58765 -0.0211254 0 0 0 0.0702381193652 0.99753025347
22.574 -1.57531 -0.0194414 0 0 0 0.0652735597417 0.997867407223
22.597 -1.56275 -0.0175952 0 0 0 0.0605304755996 0.998166349625
22.622 -1.55032 -0.0161412 0 0 0 0.0558988479772 0.998436437033
22.647 -1.53783 -0.0147949 0 0 0 0.0514118246045 0.998677537692
22.672 -1.52544 -0.0135696 0 0 0 0.0470802899636 0.998891108328
22.697 -1.51284 -0.0122668 0 0 0 0.0429442393509 0.999077470623
22.722 -1.50037 -0.0112435 0 0 0 0.0389203672331 0.999242315464
22.747 -1.4879 -0.0103185 0 0 0 0.0350722058664 0.999384780941
22.772 -1.47552 -0.00949533 0 0 0 0.0313399674121 0.999508782574
22.797 -1.4628 -0.00858618 0 0 0 0.0277341433315 0.999615334663
22.822 -1.45042 -0.00794143 0 0 0 0.0242706665337 0.999705423985
22.847 -1.43803 -0.0073811 0 0 0 0.0209200737561 0.99978115131
22.872 -1.42563 -0.00690202 0 0 0 0.0177156732063 0.999843065147
22.897 -1.41324 -0.00649979 0 0 0 0.0147207682806 0.99989164362
22.922 -1.40054 -0.00602658 0 0 0 0.0119008690607 0.99992918215
22.947 -1.38824 -0.00576648 0 0 0 0.00925531785842 0.999957168628
22.972 -1.37584 -0.005568 0 0 0 0.00674944875369 0.999977222211
22.997 -1.36339 -0.00542929 0 0 0 0.00438673593055 0.999990378228
23.022 -1.35054 -0.00527525 0 0 0 0.00212666839694 0.999997738638
23.047 -1.33803 -0.00524851 0 0 0 1.02389499998e-05 0.999999999948
23.072 -1.32552 -0.00527307 0 0 0 -0.00197303371987 0.999998053567
23.097 -1.31307 -0.00534596 0 0 0 -0.00387973026679 0.999992473818
23.122 -1.30034 -0.0054207 0 0 0 -0.00573876849995 0.999983533132
23.148 -1.28799 -0.00558351 0 0 0 -0.00744568120246 0.999972280532
23.172 -1.27559 -0.00578713 0 0 0 -0.00897282959272 0.999959743354
23.197 -1.2628 -0.00594794 0 0 0 -0.0103761637998 0.999946166163
23.222 -1.2503 -0.00622242 0 0 0 -0.0115670920429 0.999933098953
23.248 -1.23779 -0.00652461 0 0 0 -0.0125915672492 0.999920723075
23.272 -1.22523 -0.00685125 0 0 0 -0.0134096480833 0.999910086627
23.297 -1.21267 -0.00719558 0 0 0 -0.0140013424947 0.9999019764
23.322 -1.19988 -0.00745807 0 0 0 -0.0144597460684 0.999895452407
23.349 -1.18721 -0.00782842 0 0 0 -0.0147718627243 0.999890890083
23.372 -1.1746 -0.00820405 0 0 0 -0.0150040869831 0.999887432351
23.396 -1.16157 -0.00852835 0 0 0 -0.0151686182562 0.999884949892
23.422 -1.14896 -0.00891178 0 0 0 -0.0152244118127 0.999884101926
23.447 -1.13635 -0.00929606 0 0 0 -0.015236960357 0.999883910781
23.471 -1.12384 -0.00967702 0 0 0 -0.0152195123804 0.999884176514
23.496 -1.11118 -0.0100623 0 0 0 -0.0151888159291 0.999884643282
23.521 -1.09816 -0.0105114 0 0 0 -0.0152263615867 0.999884072237
23.547 -1.08555 -0.0108946 0 0 0 -0.0151457208868 0.999885296991
23.573 -1.07299 -0.0112738 0 0 0 -0.0150417327342 0.999886866739
23.597 -1.06043 -0.0116501 0 0 0 -0.0149111473815 0.999888822662
23.621 -1.04744 -0.0122806 0 0 0 -0.0149403941232 0.999888386083
23.647 -1.03477 -0.0126579 0 0 0 -0.0148431049127 0.99988983505
23.673 -1.0221 -0.013033 0 0 0 -0.0147591141143 0.999891078343
23.698 -1.00949 -0.0134042 0 0 0 -0.0146651242878 0.999892461283
23.722 -0.996529 -0.0138565 0 0 0 -0.0145911822003 0.999893543034
23.747 -0.983917 -0.014223 0 0 0 -0.0144605959795 0.999895440116
23.773 -0.971359 -0.0145842 0 0 0 -0.0142934132606 0.999897843951
23.797 -0.958801 -0.0149411 0 0 0 -0.0141128814729 0.999900408329
23.822 -0.945796 -0.0153719 0 0 0 -0.0139524972665 0.999902659172
23.847 -0.933291 -0.0157183 0 0 0 -0.0137453671328 0.999905527979
23.873 -0.920894 -0.0160561 0 0 0 -0.0134949403648 0.999908939146
23.898 -0.908496 -0.0163872 0 0 0 -0.0132012165359 0.999912860144
23.922 -0.895274 -0.0165159 0 0 0 -0.0127185570791 0.999919115882
23.947 -0.882769 -0.01683 0 0 0 -0.0123982323432 0.999923138964
23.975 -0.85781 -0.0174336 0 0 0 -0.0117742279347 0.999930681376
23.996 -0.85781 -0.0174336 0 0 0 -0.0117742279347 0.999930681376
24.021 -0.84476 -0.0176234 0 0 0 -0.0113417568273 0.999935680208
24.046 -0.832307 -0.0179011 0 0 0 -0.0109548308764 0.99993999404
24.072 -0.8198 -0.0181699 0 0 0 -0.0105346551361 0.999944508981
24.098 -0.795054 -0.0186689 0 0 0 -0.00962100156795 0.999953717093
24.121 -0.794326 -0.0183678 0 0 0 -0.00937336273741 0.999956069071
24.147 -0.781872 -0.0185952 0 0 0 -0.00888993289926 0.999960483766
24.172 -0.769418 -0.0188105 0 0 0 -0.00838980157225 0.999964804995
24.202 -0.756964 -0.0190131 0 0 0 -0.00787636855978 0.999968980928
24.221 -0.743642 -0.0188123 0 0 0 -0.00701744240365 0.999975377448
24.247 -0.731134 -0.0189807 0 0 0 -0.00644740533043 0.999979215266
24.274 -0.706116 -0.0192751 0 0 0 -0.00532067489533 0.999985845109
24.298 -0.706116 -0.0192751 0 0 0 -0.00532067489533 0.999985845109
24.32 -0.692663 -0.0189971 0 0 0 -0.00442805552923 0.999990196114
24.347 -0.680261 -0.0191002 0 0 0 -0.00388133025474 0.999992467609
24.372 -0.667752 -0.0191904 0 0 0 -0.00332794385702 0.99999446238
24.397 -0.655511 -0.0192644 0 0 0 -0.00272129664125 0.999996297265
24.421 -0.642271 -0.0187653 0 0 0 -0.00152550940831 0.99999883641
24.447 -0.630084 -0.0187942 0 0 0 -0.00084561989922 0.999999642463
24.47 -0.617789 -0.0188067 0 0 0 -0.000172389499146 0.999999985141
24.497 -0.592984 -0.018784 0 0 0 0.001060884801 0.999999437262
24.521 -0.591991 -0.0187214 0 0 0 0.00107428479336 0.999999422956
24.547 -0.579427 -0.0186874 0 0 0 0.0016243442857 0.999998680752
24.572 -0.566971 -0.0186402 0 0 0 0.00216774830224 0.999997650431
24.598 -0.541952 -0.0185048 0 0 0 0.00324788428979 0.99999472561
24.622 -0.541284 -0.0185038 0 0 0 0.00314538481353 0.999995053265
24.647 -0.528721 -0.0184178 0 0 0 0.00369877156619 0.999993159521
24.671 -0.516265 -0.0183185 0 0 0 0.00426880203506 0.999990888623
24.697 -0.503864 -0.0182054 0 0 0 0.00485547092136 0.999988212132
