0.0 -0.493507 -0.0158277 0 0 0 0.0053807240357 0.9999855238
0.024 -0.480998 -0.0156863 0 0 0 0.00592081540605 0.999982471819
0.0500000000001 -0.467798 -0.0156417 0 0 0 0.00629545841482 0.999980183405
0.075 -0.45529 -0.0154775 0 0 0 0.00683219684563 0.999976660271
0.101 -0.442728 -0.0152987 0 0 0 0.0073988824916 0.999972627894
0.125 -0.417712 -0.0148987 0 0 0 0.00858219464425 0.999963172289
0.149 -0.417155 -0.0149578 0 0 0 0.00847639849279 0.999964074689
0.174 -0.404701 -0.0147394 0 0 0 0.00905972606043 0.99995895984
0.2 -0.392033 -0.0145028 0 0 0 0.00961640178075 0.999953761339
0.224 -0.379418 -0.0142536 0 0 0 0.0101331765774 0.999948658048
0.249 -0.366219 -0.0140035 0 0 0 0.0105266055825 0.999944593753
0.274 -0.353552 -0.0137313 0 0 0 0.0109567807593 0.999939972676
0.299 -0.340991 -0.0134508 0 0 0 0.0113770045529 0.999935279789
0.326 -0.328432 -0.0131597 0 0 0 0.0117905268032 0.999930489323
0.349 -0.315145 -0.0127975 0 0 0 0.0121272527206 0.999926462167
0.373 -0.302585 -0.0124883 0 0 0 0.0124841756911 0.999922069642
0.399 -0.289972 -0.0121692 0 0 0 0.0128144992596 0.999917890933
0.424 -0.27752 -0.0118461 0 0 0 0.0131248731507 0.999913865143
0.449 -0.264116 -0.011396 0 0 0 0.0134201471385 0.999909945771
0.474 -0.238892 -0.0107016 0 0 0 0.0140907836704 0.99990071998
0.502 -0.226333 -0.0103442 0 0 0 0.0143645059611 0.999896825162
0.525 -0.213829 -0.00998177 0 0 0 0.0146082803777 0.999893293379
0.549 -0.200514 -0.00949771 0 0 0 0.0147598640326 0.999891067274
0.575 -0.188117 -0.0091301 0 0 0 0.0148838004167 0.999889230108
0.598 -0.17556 -0.00875541 0 0 0 0.0149444936655 0.999888324819
0.63 -0.163002 -0.00837972 0 0 0 0.0149619417145 0.999888063885
0.649 -0.162196 -0.00849194 0 0 0 0.014835855711 0.999889942636
0.675 -0.137349 -0.00775617 0 0 0 0.0147408660996 0.999891347531
0.699 -0.124952 -0.00739159 0 0 0 0.0146584750026 0.999892558783
0.726 -0.124952 -0.00739159 0 0 0 0.0146584750026 0.999892558783
0.75 -0.111646 -0.00739281 0 0 0 0.0143602064046 0.99989688692
0.774 -0.0991415 -0.00703463 0 0 0 0.014274415199 0.999898115345
0.799 -0.0867979 -0.00668311 0 0 0 0.0141953232135 0.999899241323
0.824 -0.0744006 -0.00633215 0 0 0 0.0141062321348 0.999900502158
0.849 -0.0612422 -0.00646356 0 0 0 0.0137737644442 0.999905137207
0.874 -0.0487372 -0.00612043 0 0 0 0.0136580253326 0.999906724822
0.899 -0.0361249 -0.00577723 0 0 0 0.0135456357307 0.999908253668
0.928 -0.0235662 -0.00543844 0 0 0 0.0134232468593 0.999909904163
0.949 -0.0111684 -0.00510736 0 0 0 0.0132742601351 0.999911893128
0.976 0.00248606 -0.00383829 0 0 0 0.0136741738244 0.999906504114
1.0 0.0150447 -0.00349648 0 0 0 0.0135351366933 0.999908395842
1.025 0.0274961 -0.0031608 0 0 0 0.0134160975031 0.999910000114
1.049 0.039894 -0.00282933 0 0 0 0.0133137066489 0.99991136868
1.074 0.0536895 -0.00152833 0 0 0 0.0139130510957 0.99990320882
1.1 0.0660333 -0.00118519 0 0 0 0.0138772045568 0.999903706961
1.125 0.0784844 -0.00084005 0 0 0 0.0138347086367 0.999904295839
1.149 0.104712 0.000632968 0 0 0 0.0142871638988 0.999897933265
1.174 0.104712 0.000632968 0 0 0 0.0142871638988 0.999897933265
1.199 0.11727 0.000990712 0 0 0 0.0141913736113 0.999899297387
1.227 0.129721 0.00134265 0 0 0 0.0140656861579 0.999901073343
1.249 0.14321 0.00169747 0 0 0 0.013902752092 0.999903352072
1.274 0.155661 0.00204193 0 0 0 0.0137537663387 0.999905412482
1.299 0.168113 0.00238242 0 0 0 0.0135847821284 0.99990772259
1.329 0.18051 0.00271697 0 0 0 0.0133924996234 0.999910316455
1.349 0.193749 0.00298477 0 0 0 0.0131215734348 0.999913908449
1.374 0.206147 0.00330763 0 0 0 0.0129126411387 0.999916628374
1.399 0.218546 0.00362496 0 0 0 0.0126770604249 0.999919642841
1.425 0.230998 0.00393748 0 0 0 0.0124148810618 0.999922932394
1.45 0.243503 0.00424467 0 0 0 0.012142701583 0.999926274681
1.474 0.256673 0.0043923 0 0 0 0.0116170386867 0.999932519929
1.499 0.26918 0.00467862 0 0 0 0.0112716113114 0.999936473371
1.525 0.28174 0.00495773 0 0 0 0.010946181395 0.999940088762
1.549 0.307582 0.00550293 0 0 0 0.0102255217926 0.999947717985
1.574 0.307582 0.00550293 0 0 0 0.0102255217926 0.999947717985
1.6 0.320036 0.00575397 0 0 0 0.00993003679983 0.999950695969
1.627 0.332489 0.00599758 0 0 0 0.00962790124837 0.999953650685
1.649 0.345505 0.00622649 0 0 0 0.00919642036516 0.999957712032
1.678 0.357906 0.00645022 0 0 0 0.00884433469197 0.999960888107
1.701 0.37036 0.00666628 0 0 0 0.00850224756129 0.99996385524
1.726 0.395322 0.00707445 0 0 0 0.00785136933279 0.999969177525
1.748 0.395826 0.00706881 0 0 0 0.00776127207815 0.999969880874
1.775 0.40828 0.00725843 0 0 0 0.00746243073712 0.999972155676
1.799 0.420842 0.0074423 0 0 0 0.00717358847265 0.999974269483
1.825 0.433404 0.00761887 0 0 0 0.00688144568784 0.999976322572
1.851 0.446074 0.00778947 0 0 0 0.00658265245991 0.999978334109
1.874 0.459461 0.0079542 0 0 0 0.00615756108811 0.999981042041
1.899 0.472077 0.00810597 0 0 0 0.00587206625353 0.99998275927
1.926 0.48464 0.00824989 0 0 0 0.00558322099257 0.9999844137
1.949 0.497202 0.00838671 0 0 0 0.00530772507819 0.999985913928
1.974 0.510236 0.00852511 0 0 0 0.00497336449761 0.999987632746
1.999 0.522745 0.00864638 0 0 0 0.00472114746136 0.999988855321
2.025 0.535308 0.00876188 0 0 0 0.0044722600915 0.999989999395
2.051 0.547871 0.00887117 0 0 0 0.00422670241488 0.999991067453
2.074 0.56088 0.00900202 0 0 0 0.00394806474337 0.999992206362
2.099 0.573497 0.00909905 0 0 0 0.00374245126385 0.999992997005
2.124 0.586113 0.0091911 0 0 0 0.00355348752148 0.999993686343
2.148 0.598676 0.00927847 0 0 0 0.00340113844272 0.999994216112
2.173 0.611918 0.00941936 0 0 0 0.00318674460623 0.999994922317
2.199 0.624481 0.00949735 0 0 0 0.00302108040445 0.999995436526
2.226 0.63699 0.00957111 0 0 0 0.00287539103776 0.999995866055
2.249 0.6495 0.00964128 0 0 0 0.00273302659763 0.999996265276
2.275 0.662439 0.00977363 0 0 0 0.00250779737138 0.999996855471
2.299 0.674948 0.0098338 0 0 0 0.00230218296638 0.999997349973
2.325 0.687404 0.00988846 0 0 0 0.00208658348589 0.999997823082
2.349 0.69986 0.00993751 0 0 0 0.00185101394299 0.999998286872
2.374 0.712735 0.0097096 0 0 0 0.00148718945179 0.999998894133
2.399 0.725137 0.00974324 0 0 0 0.00122498969363 0.9999992497
2.424 0.737647 0.00977056 0 0 0 0.000959454852795 0.999999539723
2.45 0.750156 0.00979116 0 0 0 0.000687259945898 0.999999763837
2.473 0.775797 0.0095497 0 0 0 0.000140196999541 0.999999990172
2.499 0.775797 0.0095497 0 0 0 0.000140196999541 0.999999990172
2.524 0.788306 0.00955018 0 0 0 -0.000102033499823 0.999999994795
2.551 0.800816 0.00954423 0 0 0 -0.000374225491265 0.999999929978
2.576 0.826141 0.00923929 0 0 0 -0.00108849978505 0.999999407584
2.599 0.826141 0.00923929 0 0 0 -0.00108849978505 0.999999407584
2.625 0.838543 0.00920826 0 0 0 -0.00141395452885 0.999999000366
2.65 0.850945 0.00916902 0 0 0 -0.0017493941077 0.999998469809
2.673 0.863842 0.00890041 0 0 0 -0.00213581837616 0.999997719137
2.698 0.876351 0.00884358 0 0 0 -0.00240800767285 0.999997100745
2.723 0.888968 0.00877942 0 0 0 -0.00267687180307 0.999996417172
2.748 0.901585 0.00870873 0 0 0 -0.00292576082586 0.999995719953
2.773 0.91447 0.00762224 0 0 0 -0.00376186112722 0.999992924175
2.799 0.927087 0.00752459 0 0 0 -0.00397745951257 0.999992089877
2.824 0.939703 0.00742146 0 0 0 -0.00419638768374 0.999991195126
2.852 0.952266 0.00731323 0 0 0 -0.00441864562128 0.999990237738
2.874 0.964775 0.0071999 0 0 0 -0.00464089834061 0.999989230973
2.899 0.977747 0.00656345 0 0 0 -0.00496200463778 0.999987689179
2.924 0.990202 0.00643707 0 0 0 -0.00518427677699 0.999986561547
2.949 1.00271 0.0063048 0 0 0 -0.00538987390302 0.999985474524
2.974 1.01566 0.00585369 0 0 0 -0.00549917228297 0.999984879438
2.999 1.02806 0.00571503 0 0 0 -0.00568146943411 0.999983860322
3.024 1.04046 0.00557242 0 0 0 -0.00581716719123 0.99998308014
3.051 1.05297 0.00542527 0 0 0 -0.00594621495892 0.999982321108
3.074 1.06608 0.00478268 0 0 0 -0.00600001399916 0.999981999754
3.099 1.07865 0.0046303 0 0 0 -0.00612906162591 0.999981217125
3.125 1.09115 0.00447523 0 0 0 -0.00626810895445 0.999980355212
3.151 1.10356 0.00431765 0 0 0 -0.00643710554417 0.999979281621
3.174 1.11596 0.0041559 0 0 0 -0.00660610195003 0.99997817947
3.199 1.12813 0.0032177 0 0 0 -0.00671464954228 0.999977456487
3.224 1.14053 0.00304856 0 0 0 -0.00692359468371 0.999976031631
3.25 1.15282 0.00287563 0 0 0 -0.00714253926813 0.999974491741
3.274 1.16517 0.0026971 0 0 0 -0.00731483476619 0.999973246238
3.298 1.17705 0.00214973 0 0 0 -0.00708829064147 0.999974877752
3.326 1.1894 0.00197329 0 0 0 -0.00720068777272 0.999974074712
3.349 1.20175 0.00179428 0 0 0 -0.00729643525722 0.999973380662
3.374 1.21396 0.00100538 0 0 0 -0.00741123215299 0.999972536442
3.399 1.22636 0.000820286 0 0 0 -0.00751362930168 0.999971772289
3.425 1.23865 0.000633742 0 0 0 -0.00765932510864 0.999970666939
3.449 1.25105 0.000441499 0 0 0 -0.00784161963294 0.999969254028
3.474 1.26314 3.41439e-05 0 0 0 -0.00828335527142 0.999965692424
3.499 1.27548 -0.000173005 0 0 0 -0.00849229792051 0.999963939788
3.524 1.28788 -0.0003866 0 0 0 -0.00873118906111 0.999961882442
3.551 1.30028 -0.000605844 0 0 0 -0.00894678063836 0.999959976757
3.575 1.31263 -0.000829782 0 0 0 -0.00918897067995 0.999957780518
3.599 1.32476 -0.00105332 0 0 0 -0.00929301623709 0.999956818992
3.624 1.337 -0.00128461 0 0 0 -0.00960180245481 0.999953901632
3.649 1.34939 -0.0015268 0 0 0 -0.00992723693785 0.999950723769
3.675 1.36169 -0.00177583 0 0 0 -0.0103292163158 0.999946652222
3.699 1.37373 -0.00210344 0 0 0 -0.0108085395385 0.99994158603
3.724 1.38613 -0.00237783 0 0 0 -0.0113170584125 0.999935960044
3.75 1.39858 -0.00266748 0 0 0 -0.0119387163717 0.999928730986
3.773 1.41114 -0.00301863 0 0 0 -0.0127465048135 0.999918760008
3.798 1.4236 -0.00334642 0 0 0 -0.0135712333775 0.999907906572
3.823 1.43615 -0.00369954 0 0 0 -0.0145390877269 0.999894301878
3.85 1.44871 -0.00407823 0 0 0 -0.0156067663709 0.999878207005
3.874 1.46127 -0.00448466 0 0 0 -0.0167476669914 0.99985974799
3.899 1.47395 -0.00493388 0 0 0 -0.0181106598165 0.999835988551
3.924 1.48645 -0.00540393 0 0 0 -0.0194712194414 0.999810417836
3.95 1.51161 -0.00646268 0 0 0 -0.0227046488355 0.999742216234
3.98 1.52422 -0.00705899 0 0 0 -0.0245708769737 0.999698090428
3.998 1.52421 -0.00703954 0 0 0 -0.0244600103046 0.99970080919
4.023 1.53687 -0.00768452 0 0 0 -0.026459261705 0.999649892447
4.051 1.54946 -0.00837861 0 0 0 -0.0285749098801 0.999591653889
4.074 1.56237 -0.00918499 0 0 0 -0.0310712483465 0.999517172202
4.099 1.57496 -0.00999908 0 0 0 -0.033486038775 0.999439185347
4.124 1.58765 -0.0108835 0 0 0 -0.0360602802963 0.999349616593
4.149 1.60029 -0.0118312 0 0 0 -0.038790665253 0.99924735891
4.175 1.61292 -0.0128499 0 0 0 -0.0416737281053 0.999131272849
4.198 1.62572 -0.0140873 0 0 0 -0.0451983965719 0.998978030263
4.224 1.65089 -0.016531 0 0 0 -0.0516475110695 0.99866537669
4.249 1.65089 -0.016531 0 0 0 -0.0516475110695 0.99866537669
4.275 1.66338 -0.0178692 0 0 0 -0.0550241963225 0.998485021329
4.299 1.67586 -0.0192933 0 0 0 -0.0585130591637 0.998286643158
4.324 1.68846 -0.0211524 0 0 0 -0.0630022464194 0.998013385154
4.349 1.70086 -0.0227727 0 0 0 -0.0667952310469 0.997766704751
4.374 1.71346 -0.0244369 0 0 0 -0.070680018361 0.997499040102
4.399 1.72594 -0.0262701 0 0 0 -0.0750049948149 0.997183158077
4.424 1.73857 -0.0282398 0 0 0 -0.079607675258 0.996826272748
4.449 1.75118 -0.0303298 0 0 0 -0.0845070915372 0.996422877838
4.474 1.7636 -0.0325185 0 0 0 -0.0896270682704 0.995975395596
4.499 1.77598 -0.0346827 0 0 0 -0.0945809162631 0.99551717729
4.524 1.7882 -0.0370947 0 0 0 -0.0999871435982 0.99498872914
4.549 1.80039 -0.0396404 0 0 0 -0.105472958061 0.994422171473
4.574 1.8248 -0.0451641 0 0 0 -0.116763041991 0.993159801857
4.599 1.83695 -0.0479573 0 0 0 -0.122267297321 0.992497208059
4.624 1.83695 -0.0479573 0 0 0 -0.122267297321 0.992497208059
4.649 1.84901 -0.0510534 0 0 0 -0.128274093987 0.991738754316
4.674 1.86099 -0.0542831 0 0 0 -0.134411451126 0.990925608614
4.698 1.87297 -0.0576765 0 0 0 -0.140632762628 0.990061829421
4.724 1.88498 -0.0610351 0 0 0 -0.146623488582 0.989192373907
4.749 1.89687 -0.0647258 0 0 0 -0.15305750796 0.988217283424
4.773 1.90877 -0.0685889 0 0 0 -0.15959659837 0.987182316388
4.799 1.93232 -0.0767355 0 0 0 -0.172986913833 0.984924122784
4.825 1.93232 -0.0767355 0 0 0 -0.172986913833 0.984924122784
4.848 1.95542 -0.085477 0 0 0 -0.186931840403 0.982372885947
4.876 1.95542 -0.085477 0 0 0 -0.186931840403 0.982372885947
4.901 1.96692 -0.0901157 0 0 0 -0.194068197955 0.980988039959
4.923 1.97839 -0.095053 0 0 0 -0.201398042224 0.979509483664
4.949 1.98975 -0.100031 0 0 0 -0.20870880196 0.977977830007
4.974 2.00099 -0.105157 0 0 0 -0.216053319147 0.976381566441
5.0 2.01219 -0.110474 0 0 0 -0.223408050217 0.974725008963
5.024 2.02333 -0.116087 0 0 0 -0.230811869475 0.972998397177
5.05 2.03427 -0.121692 0 0 0 -0.238170298089 0.971223408443
5.074 2.04522 -0.127513 0 0 0 -0.245514595549 0.969392894224
5.099 2.05613 -0.133525 0 0 0 -0.25284869763 0.967505832596
5.124 2.06697 -0.139787 0 0 0 -0.260148504721 0.965568617702
5.149 2.07774 -0.146154 0 0 0 -0.267542355363 0.963546100655
5.175 2.08832 -0.15263 0 0 0 -0.274978653571 0.961450331572
5.2 2.10893 -0.16626 0 0 0 -0.290165238051 0.956976559079
5.224 2.10893 -0.16626 0 0 0 -0.290165238051 0.956976559079
5.251 2.11924 -0.173258 0 0 0 -0.297578746349 0.954697276482
5.277 2.12939 -0.180383 0 0 0 -0.304923402001 0.952376878611
5.299 2.13956 -0.187758 0 0 0 -0.312192966532 0.950018711209
5.324 2.14944 -0.195541 0 0 0 -0.319586907588 0.947556968471
5.349 2.15921 -0.203093 0 0 0 -0.326671297987 0.945138012711
5.374 2.16887 -0.21079 0 0 0 -0.333686948634 0.94268394508
5.4 2.17841 -0.218629 0 0 0 -0.340640447177 0.940193642686
5.424 2.18785 -0.226556 0 0 0 -0.347385012321 0.937722588623
5.449 2.19724 -0.23474 0 0 0 -0.354261282013 0.935146482679
5.477 2.20651 -0.243061 0 0 0 -0.361096535829 0.932528440216
5.498 2.2248 -0.260214 0 0 0 -0.374646985418 0.927167534115
5.524 2.22463 -0.260669 0 0 0 -0.37501782245 0.927017601151
5.549 2.2336 -0.26947 0 0 0 -0.381747270698 0.924266747922
5.576 2.24251 -0.278476 0 0 0 -0.388456081852 0.921467238958
5.599 2.25126 -0.287571 0 0 0 -0.395061687575 0.918654593963
5.624 2.25961 -0.297154 0 0 0 -0.401820007849 0.915718669293
5.649 2.26798 -0.306377 0 0 0 -0.408034817872 0.912966367072
5.674 2.27616 -0.31563 0 0 0 -0.413863944183 0.910338747778
5.698 2.28385 -0.325631 0 0 0 -0.419686588677 0.90766908468
5.724 2.2919 -0.335205 0 0 0 -0.424577784641 0.905391464942
5.748 2.29989 -0.344904 0 0 0 -0.429152707324 0.903231949057
5.775 2.30778 -0.354682 0 0 0 -0.4334467628 0.901179174092
5.799 2.31557 -0.364533 0 0 0 -0.4376145616 0.899162663524
5.828 2.32226 -0.376145 0 0 0 -0.443287595765 0.896379443897
5.849 2.32994 -0.386294 0 0 0 -0.447662444112 0.89420262588
5.873 2.33751 -0.39652 0 0 0 -0.452239779403 0.891896396408
5.898 2.34491 -0.406738 0 0 0 -0.456992032981 0.889470787486
5.924 2.35189 -0.417338 0 0 0 -0.46198450249 0.886887997133
5.949 2.35898 -0.427583 0 0 0 -0.466745271223 0.884391797673
5.974 2.36595 -0.437904 0 0 0 -0.471468742253 0.881882772866
5.998 2.3727 -0.448518 0 0 0 -0.476228408699 0.879321615081
6.023 2.37945 -0.458986 0 0 0 -0.480899200049 0.87677588892
6.048 2.38606 -0.46948 0 0 0 -0.485574304496 0.874195398531
6.073 2.39258 -0.48009 0 0 0 -0.490252994235 0.871580175109
6.102 2.40532 -0.501564 0 0 0 -0.499680596972 0.866209732692
6.124 2.40514 -0.501727 0 0 0 -0.499719575904 0.866187246188
6.148 2.41134 -0.51259 0 0 0 -0.504432851584 0.86345092405
6.173 2.41742 -0.523521 0 0 0 -0.509131144385 0.860688955324
6.199 2.42923 -0.545578 0 0 0 -0.518554904235 0.855044332941
6.223 2.42923 -0.545578 0 0 0 -0.518554904235 0.855044332941
6.249 2.43479 -0.556778 0 0 0 -0.523292389547 0.852153199279
6.273 2.44032 -0.567822 0 0 0 -0.528077447388 0.849196213816
6.299 2.44576 -0.579025 0 0 0 -0.532913491857 0.846169728953
6.323 2.45093 -0.590279 0 0 0 -0.537820715808 0.84305923733
6.348 2.45609 -0.601557 0 0 0 -0.542844165379 0.839833443079
6.374 2.46113 -0.612945 0 0 0 -0.547915192017 0.836533885959
6.399 2.46606 -0.624442 0 0 0 -0.552999491356 0.833181590387
6.424 2.47075 -0.636149 0 0 0 -0.558084025844 0.829784441947
6.448 2.4754 -0.647764 0 0 0 -0.563180745635 0.826333738719
6.473 2.47994 -0.659536 0 0 0 -0.568276701056 0.822837524081
6.499 2.48431 -0.671312 0 0 0 -0.573371435263 0.819295549374
6.524 2.48849 -0.683207 0 0 0 -0.57844409358 0.81572203023
6.548 2.49258 -0.69514 0 0 0 -0.583600050991 0.812041243092
6.574 2.49651 -0.707073 0 0 0 -0.588805334436 0.808274877835
6.6 2.5003 -0.719107 0 0 0 -0.594050667823 0.804427625121
6.624 2.5039 -0.7312 0 0 0 -0.599266861291 0.800549329497
6.649 2.50736 -0.743278 0 0 0 -0.604573241864 0.796549556036
6.673 2.51064 -0.755348 0 0 0 -0.609880664622 0.792493264905
6.699 2.51379 -0.767566 0 0 0 -0.615164815142 0.78839853514
6.723 2.51681 -0.779905 0 0 0 -0.620299905445 0.784364728493
6.748 2.51961 -0.792096 0 0 0 -0.625455362419 0.780259950031
6.773 2.5223 -0.804533 0 0 0 -0.63053708874 0.776159120106
6.799 2.52716 -0.829402 0 0 0 -0.640550556275 0.767916001172
6.823 2.52722 -0.829523 0 0 0 -0.64046608164 0.767986457087
6.848 2.5294 -0.841897 0 0 0 -0.645455885697 0.763797551462
6.874 2.53141 -0.854297 0 0 0 -0.650460069039 0.759540452238
6.9 2.53326 -0.866724 0 0 0 -0.655451280319 0.755237458769
6.924 2.53496 -0.879279 0 0 0 -0.660410272182 0.750904968952
6.949 2.53778 -0.904288 0 0 0 -0.670286659194 0.742102280354
6.973 2.53898 -0.916848 0 0 0 -0.675169899896 0.737662257591
6.999 2.54001 -0.929422 0 0 0 -0.679987069948 0.733224102648
7.023 2.54025 -0.929354 0 0 0 -0.679726732549 0.73346545185
7.048 2.54112 -0.941887 0 0 0 -0.684523605912 0.728990694693
7.074 2.54183 -0.95443 0 0 0 -0.68928015452 0.724494905838
7.101 2.54237 -0.966874 0 0 0 -0.694007176521 0.719968081888
7.124 2.54334 -0.99157 0 0 0 -0.703041223707 0.711149096722
7.149 2.54334 -0.99157 0 0 0 -0.703041223707 0.711149096722
7.173 2.5433 -1.01643 0 0 0 -0.712300196216 0.701874939338
7.203 2.54304 -1.02888 0 0 0 -0.716875192542 0.69720151916
7.224 2.54261 -1.04138 0 0 0 -0.721426452025 0.692491064433
7.249 2.54393 -1.05295 0 0 0 -0.724542239207 0.689230399507
7.274 2.54393 -1.05295 0 0 0 -0.724542239207 0.689230399507
7.299 2.54322 -1.06544 0 0 0 -0.729041123762 0.684469896974
7.324 2.54235 -1.07792 0 0 0 -0.733525722514 0.679661691145
7.348 2.54133 -1.09044 0 0 0 -0.737887502627 0.674923724185
7.373 2.54014 -1.1029 0 0 0 -0.742335946237 0.670027867275
7.399 2.5388 -1.11512 0 0 0 -0.746778510172 0.665072820633
7.424 2.53729 -1.12743 0 0 0 -0.751230904291 0.660039490059
7.448 2.53548 -1.1399 0 0 0 -0.755646099261 0.654980131509
7.473 2.53364 -1.15216 0 0 0 -0.760010973833 0.64991023969
7.501 2.53162 -1.16446 0 0 0 -0.764319264541 0.644838012102
7.526 2.52945 -1.17667 0 0 0 -0.768548920931 0.639791025363
7.548 2.52698 -1.18891 0 0 0 -0.772792852999 0.634658338284
7.573 2.52448 -1.20111 0 0 0 -0.776889185366 0.629637350911
7.598 2.52182 -1.21328 0 0 0 -0.780952895959 0.624589924905
7.624 2.51899 -1.22546 0 0 0 -0.78501169158 0.619480947312
7.648 2.5161 -1.23762 0 0 0 -0.788963337804 0.614440275048
7.673 2.51297 -1.24968 0 0 0 -0.792989246065 0.609235632268
7.699 2.50969 -1.26164 0 0 0 -0.796989880849 0.603992657094
7.724 2.50588 -1.27375 0 0 0 -0.801096529346 0.598535170788
7.748 2.50227 -1.28567 0 0 0 -0.805038283408 0.593222860523
7.773 2.49853 -1.29744 0 0 0 -0.808944810553 0.587884591974
7.8 2.49462 -1.30921 0 0 0 -0.81281885243 0.582516534645
7.825 2.49054 -1.32098 0 0 0 -0.81662841597 0.577163781114
7.848 2.4859 -1.33285 0 0 0 -0.820537077036 0.571593304028
7.873 2.48145 -1.34466 0 0 0 -0.824226579756 0.56626013918
7.898 2.47687 -1.35636 0 0 0 -0.827847763883 0.560952832093
7.923 2.47213 -1.36799 0 0 0 -0.831395878452 0.555680567676
7.948 2.46694 -1.37979 0 0 0 -0.834937934609 0.550344115396
7.973 2.46192 -1.3913 0 0 0 -0.838383059539 0.545081503519
7.999 2.45679 -1.40265 0 0 0 -0.841789616692 0.539805743976
8.024 2.45145 -1.41409 0 0 0 -0.845154957393 0.534521372814
8.048 2.4457 -1.42557 0 0 0 -0.84851358542 0.529173596618
8.073 2.4401 -1.43681 0 0 0 -0.85180694568 0.523855826818
8.098 2.43439 -1.44794 0 0 0 -0.85506697908 0.518517561214
8.129 2.42854 -1.459 0 0 0 -0.858267899049 0.513201922699
8.151 2.4223 -1.47018 0 0 0 -0.86139768166 0.507931131189
8.173 2.41616 -1.48114 0 0 0 -0.864464935686 0.502693122063
8.198 2.4099 -1.49198 0 0 0 -0.867468003475 0.497492977786
8.224 2.40352 -1.50273 0 0 0 -0.870422560286 0.492305359046
8.25 2.39701 -1.51342 0 0 0 -0.873338787944 0.487113294288
8.273 2.38962 -1.52432 0 0 0 -0.876346902351 0.481680502761
8.298 2.38285 -1.53484 0 0 0 -0.879223575888 0.47640938656
8.323 2.3759 -1.54537 0 0 0 -0.882070900291 0.471116680728
8.348 2.36814 -1.55598 0 0 0 -0.884995804501 0.46559899701
8.373 2.36102 -1.5662 0 0 0 -0.88777115043 0.460285112147
8.399 2.35378 -1.57634 0 0 0 -0.890521414158 0.454941326906
8.423 2.34636 -1.58647 0 0 0 -0.893252999291 0.4495543118
8.447 2.33884 -1.59647 0 0 0 -0.895954217968 0.444146416518
8.473 2.32262 -1.61641 0 0 0 -0.901409931707 0.432966667331
8.498 2.32262 -1.61641 0 0 0 -0.901409931707 0.432966667331
8.524 2.31471 -1.62617 0 0 0 -0.904047064714 0.427432924308
8.549 2.30604 -1.63589 0 0 0 -0.906759885505 0.421647376416
8.573 2.29789 -1.64545 0 0 0 -0.909335852615 0.41606286442
8.598 2.28965 -1.65486 0 0 0 -0.911881531058 0.41045349714
8.623 2.28126 -1.66421 0 0 0 -0.914390583565 0.404833126964
8.65 2.27218 -1.6735 0 0 0 -0.916938831218 0.399027793273
8.674 2.26353 -1.68268 0 0 0 -0.919359760292 0.393417883624
8.699 2.2548 -1.69171 0 0 0 -0.921748306798 0.387788678168
8.724 2.246 -1.7006 0 0 0 -0.924110028984 0.382126489963
8.748 2.23643 -1.70946 0 0 0 -0.926527290716 0.376227563528
8.773 2.22741 -1.71812 0 0 0 -0.928830964173 0.370503765154
8.798 2.21824 -1.72671 0 0 0 -0.931104749553 0.364751895623
8.825 2.20897 -1.73519 0 0 0 -0.933364453839 0.358930071615
8.848 2.19904 -1.74358 0 0 0 -0.935651298815 0.352925837854
8.873 2.1896 -1.75179 0 0 0 -0.937840531906 0.34706647305
8.898 2.17997 -1.75994 0 0 0 -0.939981129732 0.341226428853
8.925 2.17032 -1.76791 0 0 0 -0.94207529969 0.335401445605
8.95 2.16054 -1.77579 0 0 0 -0.944103708563 0.329648581791
8.973 2.15016 -1.78379 0 0 0 -0.946085650946 0.323916564988
8.998 2.1401 -1.7915 0 0 0 -0.948037564891 0.318158412674
9.024 2.12995 -1.79908 0 0 0 -0.949973175008 0.312331501396
9.048 2.11925 -1.80679 0 0 0 -0.951891359485 0.306435702453
9.073 2.10891 -1.81412 0 0 0 -0.953795490302 0.300456590342
9.098 2.09857 -1.82126 0 0 0 -0.955678259113 0.294413085746
9.125 2.08823 -1.8282 0 0 0 -0.957525618606 0.288348209138
9.148 2.07741 -1.83538 0 0 0 -0.959297786478 0.282396453339
9.173 2.06672 -1.84218 0 0 0 -0.961077177121 0.276280038397
9.198 2.05589 -1.84887 0 0 0 -0.96282027184 0.270142784717
9.228 2.04508 -1.85536 0 0 0 -0.964522855685 0.263999357692
9.248 2.03436 -1.86161 0 0 0 -0.96619010842 0.257830708782
9.273 2.02322 -1.86807 0 0 0 -0.967796515842 0.251733795752
9.298 2.01211 -1.87417 0 0 0 -0.969392691234 0.245515397038
9.324 2.00093 -1.88013 0 0 0 -0.970950108307 0.239282024352
9.349 1.98958 -1.88599 0 0 0 -0.972469774431 0.233029049301
9.373 1.96671 -1.89735 0 0 0 -0.975362874868 0.220606578162
9.398 1.96671 -1.89735 0 0 0 -0.975362874868 0.220606578162
9.424 1.95534 -1.90269 0 0 0 -0.976712953239 0.214550243474
9.448 1.94395 -1.90786 0 0 0 -0.978007701491 0.208568779601
9.473 1.93223 -1.91303 0 0 0 -0.979255688966 0.202628466972
9.498 1.92067 -1.91795 0 0 0 -0.980456777053 0.19673461396
9.524 1.909 -1.92275 0 0 0 -0.981610940315 0.190892540067
9.549 1.89732 -1.92738 0 0 0 -0.982726592698 0.185063351328
9.573 1.88529 -1.93205 0 0 0 -0.983803148401 0.179252239028
9.598 1.87356 -1.93639 0 0 0 -0.984852278436 0.173395471855
9.624 1.86173 -1.94062 0 0 0 -0.985854812646 0.167601576314
9.648 1.84975 -1.94473 0 0 0 -0.986796550871 0.1619647097
9.673 1.83764 -1.94878 0 0 0 -0.987685728922 0.156450953602
9.698 1.82562 -1.95261 0 0 0 -0.98853126612 0.151016343165
9.724 1.81361 -1.9563 0 0 0 -0.989335250983 0.145656311783
9.748 1.78968 -1.96322 0 0 0 -0.990839135647 0.135047426004
9.775 1.78937 -1.9633 0 0 0 -0.9908438617 0.135012746552
9.798 1.77751 -1.96653 0 0 0 -0.991546807082 0.129749486959
9.824 1.76561 -1.96963 0 0 0 -0.992211210173 0.124566907349
9.85 1.75358 -1.97263 0 0 0 -0.992839568979 0.119455390295
9.873 1.74124 -1.97554 0 0 0 -0.993439308242 0.114360573801
9.898 1.7293 -1.97826 0 0 0 -0.993991578185 0.109456578136
9.923 1.71745 -1.98084 0 0 0 -0.994511796242 0.104624505426
9.95 1.70536 -1.98335 0 0 0 -0.995005530228 0.0998198117415
9.972 1.69259 -1.98566 0 0 0 -0.995490292593 0.0948634668994
9.998 1.6683 -1.9901 0 0 0 -0.996349976102 0.085362316758
10.023 1.6683 -1.9901 0 0 0 -0.996349976102 0.085362316758
10.049 1.65601 -1.99216 0 0 0 -0.99673210001 0.0807782198997
10.073 1.63113 -1.99601 0 0 0 -0.997402545542 0.0720288980003
10.098 1.63113 -1.99601 0 0 0 -0.997402545542 0.0720288980003
10.124 1.61896 -1.99773 0 0 0 -0.997696268946 0.067839184331
10.149 1.60677 -1.99934 0 0 0 -0.997966660628 0.0637380912377
10.173 1.59389 -2.0015 0 0 0 -0.998182727168 0.0602597974091
10.198 1.58162 -2.00294 0 0 0 -0.99840845717 0.0563963886456
10.223 1.56935 -2.00429 0 0 0 -0.998612659808 0.0526569622336
10.249 1.55707 -2.00554 0 0 0 -0.998797470004 0.0490266653253
10.273 1.54477 -2.00671 0 0 0 -0.998964538313 0.0454956172985
10.298 1.53206 -2.0085 0 0 0 -0.999088650299 0.0426833555785
10.323 1.51986 -2.0095 0 0 0 -0.999227212778 0.0393061985547
10.351 1.50755 -2.01043 0 0 0 -0.999353461168 0.0359535763294
10.373 1.49496 -2.01207 0 0 0 -0.99944339576 0.0333601359522
10.398 1.48253 -2.01286 0 0 0 -0.999546537706 0.030111774451
10.424 1.46998 -2.01358 0 0 0 -0.999637104406 0.0269380677531
10.451 1.45744 -2.01422 0 0 0 -0.999715689822 0.0238440668343
10.473 1.4448 -2.0155 0 0 0 -0.999767886881 0.0215446597074
10.498 1.4323 -2.016 0 0 0 -0.999824667466 0.0187252323373
10.526 1.41986 -2.01644 0 0 0 -0.999871260461 0.0160456381901
10.55 1.4073 -2.01681 0 0 0 -0.999909465001 0.0134559207029
10.573 1.39449 -2.01781 0 0 0 -0.999932589302 0.0116110658845
10.598 1.38204 -2.01807 0 0 0 -0.999957160513 0.00925619461576
10.623 1.36953 -2.01828 0 0 0 -0.999974998273 0.007071267863
10.649 1.35713 -2.01843 0 0 0 -0.99998726732 0.00504630537712
10.673 1.34462 -2.01853 0 0 0 -0.999995018805 0.00315632155413
10.698 1.33179 -2.01911 0 0 0 -0.99999806678 0.00196632552778
10.724 1.31928 -2.01914 0 0 0 -0.999999925376 0.000386326785287
10.751 1.30671 -2.01913 0 0 0 0.999999463013 0.0010363266094
10.772 1.2941 -2.01909 0 0 0 0.99999712881 0.00239632450146
10.797 1.28102 -2.01894 0 0 0 0.999993019939 0.00373631810163
10.822 1.2684 -2.01883 0 0 0 0.999987766951 0.00494630662533
10.858 1.24322 -2.01853 0 0 0 0.999974962904 0.00707626773791
10.873 1.23032 -2.0185 0 0 0 0.999969530786 0.00780624751052
10.898 1.23032 -2.0185 0 0 0 0.999969530786 0.00780624751052
10.923 1.21781 -2.0183 0 0 0 0.999963137723 0.00858622129078
10.95 1.2052 -2.01807 0 0 0 0.999957622073 0.00920619674618
10.973 1.19253 -2.01783 0 0 0 0.99995303946 0.00969117509111
10.998 1.17954 -2.01773 0 0 0 0.999951130669 0.00988616574831
11.023 1.16698 -2.01748 0 0 0 0.999948830402 0.0101161542449
11.048 1.15431 -2.01722 0 0 0 0.999947404341 0.0102561469815
11.075 1.14181 -2.01697 0 0 0 0.999946683961 0.0103261432746
11.097 1.12874 -2.01633 0 0 0 0.999942794842 0.0106961228324
11.122 1.11602 -2.01606 0 0 0 0.99994284831 0.0106911231183
11.148 1.1034 -2.01579 0 0 0 0.999943008564 0.0106761239744
11.173 1.09063 -2.01552 0 0 0 0.999943061933 0.0106711242592
11.198 1.07759 -2.01508 0 0 0 0.999942043664 0.0107661188018
11.223 1.06503 -2.01481 0 0 0 0.999943487978 0.0106311265282
11.251 1.05252 -2.01454 0 0 0 0.999945958681 0.0103961395172
11.273 1.04002 -2.01429 0 0 0 0.999949183855 0.0100811560296
11.298 1.02717 -2.01407 0 0 0 0.999953378039 0.0096561767288
11.323 1.01461 -2.01383 0 0 0 0.999957160513 0.00925619461576
11.35 0.989598 -2.01339 0 0 0 0.99996491878 0.00837622884408
11.375 0.977036 -2.01318 0 0 0 0.999968666049 0.00791624411146
11.398 0.976706 -2.01313 0 0 0 0.99996846783 0.00794124332563
11.423 0.964091 -2.01294 0 0 0 0.999972127112 0.0074662574254
11.449 0.951529 -2.01276 0 0 0 0.999975630637 0.00698127008464
11.474 0.938967 -2.01259 0 0 0 0.999978898943 0.00649628110171
11.498 0.925995 -2.01233 0 0 0 0.999981721022 0.00604628995463
11.523 0.913647 -2.01219 0 0 0 0.999984729895 0.00552629866567
11.548 0.901138 -2.01205 0 0 0 0.999987443328 0.00501130581968
11.573 0.888629 -2.01194 0 0 0 0.999990048298 0.00446131199562
11.598 0.875609 -2.01171 0 0 0 0.999992232982 0.00394131659077
11.625 0.86326 -2.01162 0 0 0 0.999994232488 0.00339632026544
11.649 0.850858 -2.01154 0 0 0 0.999995920701 0.00285632291096
11.674 0.838403 -2.01148 0 0 0 0.999997294103 0.00232632469663
11.698 0.826 -2.01142 0 0 0 0.999998295539 0.0018463257459
11.723 0.812976 -2.01119 0 0 0 0.999998835163 0.00152632620226
11.752 0.800574 -2.01116 0 0 0 0.99999936005 0.00113132655357
11.772 0.788118 -2.01114 0 0 0 0.999999725217 0.000741326726995
11.797 0.7752 -2.01106 0 0 0 0.999999941748 0.000341326788269
11.823 0.762798 -2.01106 0 0 0 -0.99999999264 0.000121326794599
11.848 0.750342 -2.01107 0 0 0 -0.999999806977 0.00062132675492
11.873 0.737993 -2.01109 0 0 0 -0.999999313997 0.00117132652705
11.897 0.725537 -2.01113 0 0 0 -0.999998475172 0.00174632590728
11.922 0.712428 -2.01114 0 0 0 -0.999997092753 0.00241132445812
11.947 0.700026 -2.01121 0 0 0 -0.999995465959 0.00301132224374
11.973 0.687624 -2.01129 0 0 0 -0.999993479166 0.00361131894527
11.998 0.674559 -2.01132 0 0 0 -0.99999104795 0.00423131416854
12.023 0.66205 -2.01143 0 0 0 -0.999988736212 0.00474630897434
12.048 0.649595 -2.01155 0 0 0 -0.999986421067 0.00521130320679
12.074 0.637032 -2.01169 0 0 0 -0.999984368573 0.00559129766139
12.098 0.624577 -2.01183 0 0 0 -0.999982439377 0.00592629210486
12.123 0.611269 -2.01068 0 0 0 -0.999987368046 0.00502630563077
12.148 0.598867 -2.0108 0 0 0 -0.999985520696 0.00538130082225
12.174 0.586412 -2.01094 0 0 0 -0.999983518629 0.00574129525322
12.198 0.573957 -2.01109 0 0 0 -0.999981080649 0.00615128800181
12.223 0.560828 -2.0103 0 0 0 -0.99998089566 0.00618128743146
12.248 0.548534 -2.01046 0 0 0 -0.999978277284 0.00659127906765
12.274 0.536133 -2.01063 0 0 0 -0.999975770062 0.00696127057063
12.298 0.523184 -2.01018 0 0 0 -0.999974998273 0.007071267863
12.322 0.510676 -2.01036 0 0 0 -0.999972610306 0.00740125922141
12.35 0.498275 -2.01055 0 0 0 -0.999970421892 0.00769125096312
12.372 0.485875 -2.01075 0 0 0 -0.999968229143 0.00797124237609
12.397 0.472928 -2.01057 0 0 0 -0.999965461122 0.00831123110671
12.422 0.460474 -2.01078 0 0 0 -0.999963778877 0.00851122403138
12.45 0.435512 -2.01122 0 0 0 -0.999959533325 0.00899620544409
12.474 0.423112 -2.01144 0 0 0 -0.999956975189 0.00927619375711
12.5 0.423112 -2.01144 0 0 0 -0.999956975189 0.00927619375711
12.523 0.411233 -2.01133 0 0 0 -0.999955525367 0.00943118697622
12.549 0.398833 -2.01156 0 0 0 -0.99995347455 0.00964617719454
12.574 0.386487 -2.01181 0 0 0 -0.999951722039 0.00982616866271
12.599 0.374033 -2.01205 0 0 0 -0.999950485956 0.00995116255088
12.622 0.361944 -2.01202 0 0 0 -0.999948323345 0.0101661516737
12.649 0.349437 -2.01227 0 0 0 -0.999946890284 0.0103061443389
12.672 0.33693 -2.01253 0 0 0 -0.999945385381 0.0104511365291
12.697 0.324086 -2.01242 0 0 0 -0.999942901753 0.0106861234039
12.723 0.311633 -2.01269 0 0 0 -0.999941124931 0.0108511138365
12.748 0.299072 -2.01296 0 0 0 -0.999939155532 0.0110311030623
12.775 0.286512 -2.01324 0 0 0 -0.999937377756 0.0111910931853
12.798 0.273898 -2.01352 0 0 0 -0.999935857846 0.0113260846289
12.822 0.260969 -2.01353 0 0 0 -0.999933341909 0.0115460702417
12.848 0.248463 -2.01382 0 0 0 -0.999932182303 0.011646063518
12.873 0.23601 -2.01411 0 0 0 -0.999931188775 0.0117310577113
12.899 0.223451 -2.01441 0 0 0 -0.999930306133 0.0118060525174
12.922 0.210647 -2.01437 0 0 0 -0.999930069812 0.0118260511212
12.948 0.198033 -2.01467 0 0 0 -0.999930483112 0.0117910535615
12.974 0.185366 -2.01497 0 0 0 -0.999931540257 0.0117010597704
12.998 0.172638 -2.01509 0 0 0 -0.999932531235 0.0116160655473
13.023 0.160024 -2.01538 0 0 0 -0.999934834449 0.0114160788101
13.048 0.147571 -2.01566 0 0 0 -0.9999378246 0.0111510956812
13.074 0.135226 -2.01594 0 0 0 -0.999940798948 0.0108811120654
13.099 0.122719 -2.0162 0 0 0 -0.999944071177 0.0105761296203
13.123 0.109968 -2.01625 0 0 0 -0.999946425495 0.0103511419385
13.148 0.0973532 -2.01651 0 0 0 -0.999950137053 0.00998616081178
13.184 0.084846 -2.01676 0 0 0 -0.999953619131 0.00963117789133
13.198 0.0723923 -2.01699 0 0 0 -0.999956603341 0.00931619202869
13.222 0.0599221 -2.01699 0 0 0 -0.999959398269 0.00901120483608
13.248 0.0350677 -2.01743 0 0 0 -0.999963480371 0.00854622275842
13.273 0.0350677 -2.01743 0 0 0 -0.999963480371 0.00854622275842
13.299 0.0099446 -2.01784 0 0 0 -0.999968745161 0.0079062444244
13.322 -0.00280874 -2.018 0 0 0 -0.999969569804 0.00780124766277
13.348 -0.00280874 -2.018 0 0 0 -0.999969569804 0.00780124766277
13.373 -0.0152632 -2.01819 0 0 0 -0.999972573287 0.00740625908437
13.399 -0.0276641 -2.01837 0 0 0 -0.999975595718 0.00698626996271
13.422 -0.0403155 -2.01842 0 0 0 -0.999977378349 0.00672627607461
13.448 -0.052663 -2.01858 0 0 0 -0.999980397957 0.00626128588325
13.472 -0.065118 -2.01873 0 0 0 -0.999983374784 0.00576629483938
13.498 -0.0776269 -2.01886 0 0 0 -0.999986211815 0.00525130265945
13.523 -0.0901639 -2.01886 0 0 0 -0.999987393165 0.00502130569387
13.548 -0.102619 -2.01898 0 0 0 -0.99998964273 0.00455131108178
13.573 -0.115075 -2.01908 0 0 0 -0.999991589571 0.00410131529692
13.597 -0.12753 -2.01918 0 0 0 -0.999993168592 0.00369631837785
13.622 -0.140147 -2.01927 0 0 0 -0.999994401054 0.00334632054959
13.648 -0.152864 -2.01928 0 0 0 -0.999994317083 0.00337132040857
13.672 -0.165266 -2.01936 0 0 0 -0.999995435796 0.00302132219824
13.699 -0.177721 -2.01943 0 0 0 -0.999996324356 0.00271132347294
13.723 -0.190426 -2.01918 0 0 0 -0.999996732598 0.00255632401071
13.747 -0.202935 -2.01924 0 0 0 -0.999997223863 0.0023563246144
13.772 -0.215445 -2.01929 0 0 0 -0.999997599044 0.00219132504114
13.798 -0.228008 -2.01935 0 0 0 -0.999997947001 0.00202632540821
13.823 -0.240641 -2.01924 0 0 0 -0.999997675128 0.00215632512384
13.848 -0.253097 -2.01929 0 0 0 -0.999998105907 0.00194632556605
13.873 -0.26566 -2.01934 0 0 0 -0.999998561238 0.00169632598136
13.898 -0.278223 -2.01938 0 0 0 -0.999998932262 0.00146132627479
13.923 -0.290733 -2.01941 0 0 0 -0.999999254181 0.00122132649127
13.948 -0.3034 -2.01939 0 0 0 -0.999998850377 0.00151632621383
13.972 -0.32858 -2.01946 0 0 0 -0.99999942076 0.00107632658708
13.999 -0.32858 -2.01946 0 0 0 -0.99999942076 0.00107632658708
14.022 -0.341473 -2.01943 0 0 0 -0.999999296314 0.00118632651663
14.048 -0.353983 -2.01946 0 0 0 -0.999999503666 0.00099632663006
14.073 -0.366546 -2.01948 0 0 0 -0.999999686901 0.000791326712309
14.098 -0.379056 -2.0195 0 0 0 -0.999999839637 0.000566326764624
14.122 -0.391851 -2.0195 0 0 0 -0.999999725217 0.000741326726995
14.148 -0.404576 -2.01952 0 0 0 -0.999999874336 0.000501326773897
14.173 -0.417246 -2.01953 0 0 0 -0.999999967148 0.00025632679209
14.198 -0.42981 -2.01953 0 0 0 -0.999999999999 1.32679489668e-06
14.223 -0.442266 -2.01953 0 0 0 0.999999981697 0.000191326793729
14.253 -0.467737 -2.01952 0 0 0 0.99999999264 0.000121326794599
14.274 -0.467737 -2.01952 0 0 0 0.99999999264 0.000121326794599
14.298 -0.480354 -2.01951 0 0 0 0.999999964535 0.000266326791748
14.323 -0.49281 -2.0195 0 0 0 0.999999888926 0.000471326777446
14.348 -0.505265 -2.01955 0 0 0 0.999999970881 0.000241326792554
14.373 -0.517829 -2.01954 0 0 0 0.99999987683 0.000496326774519
14.399 -0.530446 -2.01953 0 0 0 0.999999736225 0.000726326731034
14.422 -0.543144 -2.01955 0 0 0 0.999999874336 0.000501326773897
14.448 -0.555653 -2.01953 0 0 0 0.999999787887 0.000651326748845
14.477 -0.568217 -2.01952 0 0 0 0.999999725217 0.000741326726995
14.498 -0.580726 -2.0195 0 0 0 0.999999717754 0.00075132672421
14.523 -0.593128 -2.01948 0 0 0 0.999999732581 0.000731326729706
14.548 -0.605726 -2.01879 0 0 0 0.999997328885 0.00231132473696
14.571 -0.618343 -2.01873 0 0 0 0.999997247377 0.00234632464204
14.598 -0.631013 -2.01867 0 0 0 0.999997019963 0.00244132436981
14.623 -0.643684 -2.01861 0 0 0 0.999996616551 0.00260132386108
14.648 -0.656489 -2.01798 0 0 0 0.999991974684 0.00400631607754
14.672 -0.668998 -2.01788 0 0 0 0.999991403999 0.00414631491428
14.701 -0.6814 -2.01778 0 0 0 0.999990941855 0.00425631394341
14.723 -0.70631 -2.01756 0 0 0 0.999990511223 0.00435631301615
14.747 -0.706481 -2.01694 0 0 0 0.999984785108 0.0055162988181
14.772 -0.718882 -2.0168 0 0 0 0.999984950147 0.00548629927206
14.799 -0.731176 -2.01667 0 0 0 0.999985277525 0.00542630016522
14.823 -0.743363 -2.01654 0 0 0 0.999986000963 0.00529130210371
14.848 -0.755785 -2.01579 0 0 0 0.999982141812 0.0059762912194
14.872 -0.768133 -2.01564 0 0 0 0.999983201345 0.00579629433803
14.898 -0.780588 -2.0155 0 0 0 0.999984284591 0.00560629742629
14.923 -0.792828 -2.01536 0 0 0 0.999985277525 0.00542630016522
14.948 -0.805254 -2.01477 0 0 0 0.999981962073 0.00600629068096
14.972 -0.817548 -2.01462 0 0 0 0.999982939499 0.00584129357621
14.996 -0.829895 -2.01448 0 0 0 0.999983918069 0.0056712963929
15.023 -0.854591 -2.01421 0 0 0 0.99998608022 0.0052763023131
15.047 -0.854263 -2.01393 0 0 0 0.999986000963 0.00529130210371
15.071 -0.866664 -2.0138 0 0 0 0.999987342902 0.00503130556755
15.096 -0.879066 -2.01368 0 0 0 0.999988878151 0.00471630931013
15.122 -0.89136 -2.01357 0 0 0 0.999990554737 0.00434631311082
15.147 -0.903601 -2.01347 0 0 0 0.99999205461 0.00398631623725
15.172 -0.91573 -2.01332 0 0 0 0.999994095835 0.00343632003201
15.199 -0.927971 -2.01324 0 0 0 0.999995159827 0.00311132177511
15.223 -0.94012 -2.0131 0 0 0 0.999994875758 0.00320132132677
15.247 -0.952575 -2.01302 0 0 0 0.999995555849 0.00298132237841
15.272 -0.964924 -2.01295 0 0 0 0.999996159876 0.00277132324748
15.299 -0.977433 -2.01288 0 0 0 0.999996719804 0.00256132399434
15.322 -0.989889 -2.01282 0 0 0 0.999997305722 0.00232132471013
15.347 -1.00224 -2.01277 0 0 0 0.999998027254 0.00198632548872
15.372 -1.01432 -2.01277 0 0 0 0.999999066576 0.00136632636978
15.397 -1.02661 -2.01274 0 0 0 0.999999575578 0.000921326664553
15.423 -1.03896 -2.01272 0 0 0 0.999999904809 0.000436326781052
15.448 -1.05131 -2.01272 0 0 0 -0.999999996274 8.63267947893e-05
15.472 -1.06331 -2.01263 0 0 0 -0.999999904809 0.000436326781052
15.498 -1.07566 -2.01264 0 0 0 -0.999999533106 0.000966326644506
15.523 -1.10089 -2.01272 0 0 0 -0.99999812532 0.0019363255849
15.547 -1.10069 -2.01267 0 0 0 -0.999997685897 0.00215132513543
15.573 -1.12598 -2.0128 0 0 0 -0.999995834562 0.00288632278729
15.598 -1.13854 -2.01288 0 0 0 -0.999994971347 0.00317132147906
15.623 -1.15116 -2.01296 0 0 0 -0.999994130148 0.00342632009088
15.649 -1.15092 -2.01292 0 0 0 -0.999993388571 0.00363631878112
15.673 -1.1761 -2.01312 0 0 0 -0.999991548508 0.00411131521261
15.697 -1.1761 -2.01312 0 0 0 -0.999991548508 0.00411131521261
15.724 -1.18867 -2.01322 0 0 0 -0.999990402003 0.00438131277757
15.747 -1.20085 -2.01322 0 0 0 -0.999990941855 0.00425631394341
15.776 -1.21335 -2.01333 0 0 0 -0.999989688193 0.00454131118512
15.798 -1.22592 -2.01345 0 0 0 -0.999988641086 0.00476630874812
15.823 -1.23837 -2.01357 0 0 0 -0.999988086348 0.00488130741007
15.847 -1.25076 -2.01361 0 0 0 -0.999987766951 0.00494630662533
15.872 -1.26333 -2.01373 0 0 0 -0.999988377426 0.00482130811614
15.897 -1.27584 -2.01385 0 0 0 -0.999989551504 0.00457131087372
15.923 -1.28834 -2.01396 0 0 0 -0.999991005587 0.00424131407881
15.947 -1.301 -2.01398 0 0 0 -0.999992193518 0.0039513165129
15.972 -1.32597 -2.01415 0 0 0 -0.999995906407 0.00286132289053
15.999 -1.32597 -2.01415 0 0 0 -0.999995906407 0.00286132289053
16.024 -1.33858 -2.01422 0 0 0 -0.999997566062 0.00220632500488
16.047 -1.3512 -2.01426 0 0 0 -0.999998989915 0.00142132631634
16.072 -1.36392 -2.01421 0 0 0 -0.999999713985 0.00075632672279
16.098 -1.37648 -2.01422 0 0 0 0.999999967148 0.00025632679209
16.124 -1.38889 -2.0142 0 0 0 0.999998939556 0.00145632628011
16.148 -1.40151 -2.01411 0 0 0 0.999997223863 0.0023563246144
16.172 -1.41402 -2.01403 0 0 0 0.999992193518 0.0039513165129
16.198 -1.42663 -2.01391 0 0 0 0.99998374748 0.00570129590789
16.226 -1.43946 -2.01374 0 0 0 0.999971299773 0.00757625431399
16.247 -1.45238 -2.01343 0 0 0 0.999954767672 0.00951118338798
16.272 -1.46505 -2.01316 0 0 0 0.999931774078 0.0116810611373
16.297 -1.47777 -2.01284 0 0 0 0.999901351974 0.0140458649111
16.322 -1.49043 -2.01245 0 0 0 0.99986228413 0.0165955649287
16.347 -1.50304 -2.01199 0 0 0 0.999813542123 0.0193101265303
16.372 -1.51574 -2.0114 0 0 0 0.999759846923 0.0219145723424
16.397 -1.52818 -2.01082 0 0 0 0.999688357451 0.0249637332178
16.424 -1.54062 -2.01015 0 0 0 0.999601945862 0.0282125828203
16.448 -1.55306 -2.00941 0 0 0 0.99949628638 0.031735997103
16.472 -1.56571 -2.00846 0 0 0 0.999372730393 0.0354139202446
16.497 -1.57824 -2.00752 0 0 0 0.999228587882 0.0392712255782
16.523 -1.59082 -2.00648 0 0 0 0.99906112834 0.0433227635295
16.549 -1.60338 -2.00533 0 0 0 0.998869173289 0.0475433975701
16.572 -1.61586 -2.00399 0 0 0 0.998646935901 0.0520028596926
16.597 -1.62824 -2.00264 0 0 0 0.998390075615 0.05672086841
16.624 -1.64056 -2.00117 0 0 0 0.998098926378 0.0616322412621
16.647 -1.65286 -1.99958 0 0 0 0.997774624529 0.0666768224041
16.672 -1.66509 -1.99779 0 0 0 0.99742303327 0.0717446353534
16.697 -1.6773 -1.99596 0 0 0 0.997031475147 0.0769950489753
16.725 -1.68949 -1.994 0 0 0 0.99659704708 0.0824277001454
16.748 -1.70161 -1.99191 0 0 0 0.996122907417 0.0879724577285
16.776 -1.71375 -1.98959 0 0 0 0.99561604819 0.0935344032195
16.797 -1.72598 -1.9872 0 0 0 0.995059784252 0.0992775189298
16.823 -1.73823 -1.98465 0 0 0 0.994455679807 0.105156554238
16.847 -1.75044 -1.98196 0 0 0 0.993792389944 0.111250553655
16.872 -1.76254 -1.97908 0 0 0 0.993088235903 0.117370165333
16.897 -1.77469 -1.97609 0 0 0 0.992314258927 0.123743329232
16.922 -1.78669 -1.97297 0 0 0 0.991484413104 0.130225414461
16.947 -1.79865 -1.96968 0 0 0 0.990599917689 0.136791092821
16.972 -1.81055 -1.96617 0 0 0 0.98966979401 0.14336561242
16.997 -1.82247 -1.96256 0 0 0 0.98867878742 0.150047510162
17.028 -1.83424 -1.95882 0 0 0 0.987632478511 0.1567867577
17.049 -1.84595 -1.95491 0 0 0 0.986526329969 0.163602568067
17.071 -1.85754 -1.95081 0 0 0 0.985391032679 0.170307112935
17.096 -1.86914 -1.94659 0 0 0 0.984166775618 0.17724490901
17.122 -1.88073 -1.94218 0 0 0 0.982878935511 0.184252539001
17.148 -1.89221 -1.93762 0 0 0 0.981532591872 0.191294984497
17.172 -1.90362 -1.93283 0 0 0 0.980135788937 0.198327595771
17.197 -1.91526 -1.92782 0 0 0 0.978661894745 0.205477239067
17.223 -1.92677 -1.92266 0 0 0 0.977127342473 0.212655017793
17.249 -1.93816 -1.91735 0 0 0 0.975543444325 0.219806706527
17.272 -1.94952 -1.91186 0 0 0 0.973918549131 0.226897905803
17.297 -1.96074 -1.90609 0 0 0 0.972210513149 0.234108346972
17.322 -1.9828 -1.89441 0 0 0 0.968712618315 0.248185138791
17.347 -1.9828 -1.89441 0 0 0 0.968712618315 0.248185138791
17.371 -1.99369 -1.888 0 0 0 0.966808673964 0.255501444122
17.397 -2.00447 -1.88177 0 0 0 0.964934833344 0.262489556742
17.422 -2.0154 -1.87525 0 0 0 0.963011830522 0.269459114292
17.446 -2.02609 -1.86865 0 0 0 0.961056453415 0.276352118409
17.471 -2.03673 -1.86159 0 0 0 0.958993656055 0.283427535088
17.496 -2.04718 -1.85471 0 0 0 0.957012292402 0.29004736198
17.521 -2.05763 -1.84764 0 0 0 0.954995615694 0.296619915053
17.547 -2.07822 -1.83306 0 0 0 0.950800615009 0.309803470765
17.576 -2.08828 -1.82562 0 0 0 0.948616624894 0.316427715245
17.598 -2.08835 -1.82541 0 0 0 0.948572315717 0.316560518471
17.622 -2.0983 -1.81783 0 0 0 0.94634124978 0.323169056323
17.647 -2.118 -1.80215 0 0 0 0.941786506103 0.336211506232
17.671 -2.1181 -1.80198 0 0 0 0.941761287591 0.336282139274
17.696 -2.12773 -1.79399 0 0 0 0.939433964503 0.34272996125
17.722 -2.1372 -1.7859 0 0 0 0.937067733943 0.349147622079
17.748 -2.15598 -1.76921 0 0 0 0.932231004663 0.361863722891
17.772 -2.1561 -1.76924 0 0 0 0.932287082342 0.361719222739
17.797 -2.16535 -1.76067 0 0 0 0.929838976956 0.367966679109
17.822 -2.17442 -1.75205 0 0 0 0.927382680589 0.374114105246
17.848 -2.18341 -1.74327 0 0 0 0.924912357275 0.380180393183
17.873 -2.19228 -1.73438 0 0 0 0.922427456075 0.38617041352
17.897 -2.20112 -1.72547 0 0 0 0.919968453387 0.391992403973
17.922 -2.20988 -1.71624 0 0 0 0.917415014612 0.39793176672
17.949 -2.21844 -1.70697 0 0 0 0.914819192895 0.403863645692
17.972 -2.22688 -1.69757 0 0 0 0.912168625072 0.40981507956
17.998 -2.23517 -1.68813 0 0 0 0.909498047973 0.415708191805
18.023 -2.24336 -1.67853 0 0 0 0.906812584343 0.421534028137
18.048 -2.25143 -1.66884 0 0 0 0.904123987994 0.427270188913
18.072 -2.25945 -1.65894 0 0 0 0.901427249653 0.432930610587
18.097 -2.26725 -1.64909 0 0 0 0.898756465263 0.438448190951
18.122 -2.27485 -1.63922 0 0 0 0.896087421573 0.44387761027
18.148 -2.28228 -1.62935 0 0 0 0.89340354986 0.449255046825
18.173 -2.28955 -1.61944 0 0 0 0.890691954536 0.454607349395
18.197 -2.29686 -1.60921 0 0 0 0.887929895957 0.459978803714
18.222 -2.30398 -1.59899 0 0 0 0.885140097663 0.465324625943
18.25 -2.31098 -1.58869 0 0 0 0.882322821468 0.470644705396
18.272 -2.31792 -1.57821 0 0 0 0.879471189887 0.47595212591
18.297 -2.32452 -1.56713 0 0 0 0.876399881904 0.481584101687
18.322 -2.33119 -1.55648 0 0 0 0.873516526117 0.48679449319
18.347 -2.33777 -1.54571 0 0 0 0.870621872565 0.491952797543
18.371 -2.34396 -1.53463 0 0 0 0.867567484721 0.497319474237
18.397 -2.35019 -1.52384 0 0 0 0.864650872964 0.502373235634
18.424 -2.35632 -1.51294 0 0 0 0.861730191746 0.50736680679
18.452 -2.3623 -1.50201 0 0 0 0.858824217839 0.512270400134
18.473 -2.36805 -1.49066 0 0 0 0.855789478853 0.517324238641
18.497 -2.37377 -1.4796 0 0 0 0.852876448961 0.52211278744
18.522 -2.37935 -1.46852 0 0 0 0.849952431317 0.526859435238
18.549 -2.38481 -1.45738 0 0 0 0.847009970438 0.531577002868
18.571 -2.39016 -1.44613 0 0 0 0.844052050894 0.536261256647
18.597 -2.39533 -1.4344 0 0 0 0.840960023478 0.541097254579
18.622 -2.40554 -1.41132 0 0 0 0.834880143874 0.550431780845
18.649 -2.40554 -1.41132 0 0 0 0.834880143874 0.550431780845
18.672 -2.41044 -1.3997 0 0 0 0.831784651126 0.555098454467
18.697 -2.41507 -1.38788 0 0 0 0.828559506171 0.559901013336
18.722 -2.41965 -1.37629 0 0 0 0.825391325974 0.564561032136
18.75 -2.42408 -1.36471 0 0 0 0.822194090985 0.569207235328
18.772 -2.43255 -1.3414 0 0 0 0.815724154968 0.578441097261
18.798 -2.43648 -1.32944 0 0 0 0.812337999731 0.583186911884
18.821 -2.43648 -1.32944 0 0 0 0.812337999731 0.583186911884
18.849 -2.44414 -1.30585 0 0 0 0.805560007747 0.592514197229
18.873 -2.44414 -1.30585 0 0 0 0.805560007747 0.592514197229
18.897 -2.44775 -1.29377 0 0 0 0.802077049272 0.597220568159
18.922 -2.4513 -1.28166 0 0 0 0.798584651686 0.601882508545
18.95 -2.45794 -1.25743 0 0 0 0.79150951947 0.611156837963
18.972 -2.45794 -1.25743 0 0 0 0.79150951947 0.611156837963
18.997 -2.46101 -1.24523 0 0 0 0.787902255026 0.615800321959
19.022 -2.46396 -1.23307 0 0 0 0.784224317916 0.620477412312
19.047 -2.46674 -1.22099 0 0 0 0.780468604286 0.625194975767
19.072 -2.46937 -1.20887 0 0 0 0.776668764713 0.629909223555
19.096 -2.47186 -1.19672 0 0 0 0.772827758039 0.634615833717
19.122 -2.47418 -1.18433 0 0 0 0.7689166737 0.639349003993
19.147 -2.47638 -1.17201 0 0 0 0.764970160982 0.644065720876
19.173 -2.47844 -1.15967 0 0 0 0.760962276416 0.648796126585
19.197 -2.48 -1.147 0 0 0 0.75675847304 0.653694587313
19.221 -2.48173 -1.13472 0 0 0 0.752710798591 0.658351314789
19.247 -2.48331 -1.12242 0 0 0 0.748624524532 0.662994209076
19.276 -2.48472 -1.1102 0 0 0 0.744526302575 0.667593128166
19.298 -2.48708 -1.08583 0 0 0 0.736238493831 0.676722158793
19.324 -2.48597 -1.08487 0 0 0 0.735585114248 0.677432313739
19.349 -2.48691 -1.0725 0 0 0 0.731309541758 0.682045712642
19.372 -2.48771 -1.05986 0 0 0 0.726912333798 0.686730266533
19.397 -2.48834 -1.04736 0 0 0 0.722398689593 0.691476777104
19.421 -2.48731 -1.03365 0 0 0 0.716822900412 0.697255282838
19.447 -2.48757 -1.02119 0 0 0 0.712177357195 0.701999581125
19.474 -2.48767 -1.00836 0 0 0 0.70744387518 0.706769526416
19.497 -2.48706 -0.995288 0 0 0 0.702272772818 0.711907966354
19.522 -2.4868 -0.982727 0 0 0 0.697494428613 0.716590205106
19.547 -2.48638 -0.970118 0 0 0 0.692710110382 0.721216127783
19.573 -2.48579 -0.957676 0 0 0 0.687945917832 0.725761954182
19.598 -2.48505 -0.945296 0 0 0 0.683199361041 0.730231903626
19.622 -2.48372 -0.932375 0 0 0 0.678129838684 0.734942121453
19.647 -2.48262 -0.919806 0 0 0 0.67324600103 0.739418570295
19.672 -2.48136 -0.907306 0 0 0 0.668258224697 0.743929395255
19.699 -2.47994 -0.894878 0 0 0 0.66316538211 0.74847289595
19.722 -2.47794 -0.88211 0 0 0 0.657778065148 0.753211800897
19.747 -2.47617 -0.869726 0 0 0 0.652580441136 0.757719451939
19.772 -2.47421 -0.857262 0 0 0 0.647332872759 0.762207420487
19.797 -2.46932 -0.832157 0 0 0 0.636402204423 0.771357397194
19.822 -2.46932 -0.832157 0 0 0 0.636402204423 0.771357397194
19.848 -2.46686 -0.819892 0 0 0 0.631033701409 0.775755417439
19.874 -2.46424 -0.807715 0 0 0 0.625669910252 0.780087920305
19.897 -2.46147 -0.795628 0 0 0 0.620280296133 0.784380235746
19.922 -2.45868 -0.783659 0 0 0 0.615018950887 0.788512327139
19.947 -2.45558 -0.771651 0 0 0 0.609579473155 0.792724962334
19.972 -2.44891 -0.747872 0 0 0 0.598730358775 0.800950658581
19.996 -2.44552 -0.736079 0 0 0 0.593535712517 0.804807652776
20.021 -2.44552 -0.736079 0 0 0 0.593535712517 0.804807652776
20.047 -2.44177 -0.724204 0 0 0 0.58815448245 0.808748604187
20.074 -2.43785 -0.71238 0 0 0 0.58277959181 0.812630264862
20.097 -2.43374 -0.700507 0 0 0 0.577370919289 0.816481978711
20.123 -2.42972 -0.688778 0 0 0 0.572137746577 0.820157545196
20.147 -2.42534 -0.677118 0 0 0 0.566580451187 0.824006427362
20.175 -2.41618 -0.654181 0 0 0 0.555375967811 0.831599383344
20.199 -2.41618 -0.654181 0 0 0 0.555375967811 0.831599383344
20.221 -2.41161 -0.64284 0 0 0 0.550121729537 0.83508447638
20.246 -2.40666 -0.631526 0 0 0 0.544677904162 0.838645324745
20.274 -2.40161 -0.620375 0 0 0 0.539320508442 0.842100581388
20.297 -2.39642 -0.609288 0 0 0 0.534013061883 0.845476226596
20.322 -2.39099 -0.59818 0 0 0 0.528769366845 0.848765548716
20.347 -2.38547 -0.58713 0 0 0 0.523437248029 0.85206422726
20.372 -2.37985 -0.576199 0 0 0 0.518046061096 0.855352721737
20.401 -2.37403 -0.565244 0 0 0 0.512574111203 0.858642987815
20.421 -2.36814 -0.554243 0 0 0 0.507253634151 0.861796815172
20.448 -2.35577 -0.532622 0 0 0 0.496059826978 0.868288343846
20.476 -2.35577 -0.532622 0 0 0 0.496059826978 0.868288343846
20.496 -2.34938 -0.521933 0 0 0 0.490414228177 0.871489463391
20.521 -2.33595 -0.500606 0 0 0 0.479118355349 0.877750307074
20.546 -2.33595 -0.500606 0 0 0 0.479118355349 0.877750307074
20.573 -2.32218 -0.479782 0 0 0 0.467960426467 0.883749421081
20.596 -2.31508 -0.469478 0 0 0 0.462473994256 0.886632846581
20.622 -2.3149 -0.46934 0 0 0 0.46246645786 0.886636777578
20.647 -2.30765 -0.459081 0 0 0 0.457039619014 0.88944633714
20.672 -2.30021 -0.448824 0 0 0 0.45167288796 0.892183614668
20.697 -2.29271 -0.438744 0 0 0 0.446348825338 0.894859053773
20.722 -2.2849 -0.428545 0 0 0 0.441095073947 0.897460381153
20.747 -2.27714 -0.418601 0 0 0 0.435836062958 0.900026069748
20.772 -2.26929 -0.40879 0 0 0 0.43058649795 0.902549315984
20.796 -2.26126 -0.398989 0 0 0 0.425309654793 0.905047897926
20.821 -2.2532 -0.389288 0 0 0 0.420094997258 0.90748013382
20.847 -2.24494 -0.379675 0 0 0 0.414753147476 0.909933968296
20.872 -2.23661 -0.370201 0 0 0 0.409351803067 0.912376622523
20.897 -2.22809 -0.360747 0 0 0 0.403908629795 0.914799332519
20.922 -2.21077 -0.342113 0 0 0 0.393091645388 0.919499297622
20.947 -2.21077 -0.342113 0 0 0 0.393091645388 0.919499297622
20.972 -2.202 -0.333043 0 0 0 0.387695278375 0.92178759545
20.998 -2.18415 -0.315214 0 0 0 0.376983181773 0.926220103788
21.022 -2.18414 -0.315096 0 0 0 0.377077191172 0.926181835224
21.047 -2.17506 -0.306335 0 0 0 0.371716198697 0.928346415745
21.072 -2.16591 -0.297717 0 0 0 0.366336267999 0.930482530061
21.098 -2.15667 -0.289206 0 0 0 0.360929141158 0.932593242021
21.122 -2.14733 -0.280675 0 0 0 0.355577616671 0.934646756011
21.147 -2.13786 -0.272344 0 0 0 0.350080462093 0.93671963258
21.172 -2.12833 -0.26416 0 0 0 0.344568408022 0.938761211487
21.197 -2.11866 -0.256055 0 0 0 0.339037863441 0.940772728747
21.221 -2.10899 -0.248004 0 0 0 0.333572881434 0.9427243143
21.247 -2.09918 -0.240161 0 0 0 0.32796630244 0.944689422225
21.272 -2.08927 -0.232435 0 0 0 0.322309809328 0.946634241305
21.297 -2.07931 -0.224861 0 0 0 0.316610482376 0.948555640144
21.321 -2.06942 -0.217371 0 0 0 0.310979063208 0.950416762397
21.346 -2.05933 -0.210069 0 0 0 0.305231479961 0.952278186057
21.372 -2.04915 -0.202889 0 0 0 0.299492314969 0.954098712542
21.396 -2.03889 -0.195832 0 0 0 0.293728910269 0.955888763022
21.423 -2.02857 -0.188711 0 0 0 0.288067328817 0.957610157668
21.447 -2.0181 -0.181873 0 0 0 0.282219624256 0.959349823414
21.472 -2.00754 -0.175164 0 0 0 0.276335466339 0.961061241567
21.497 -1.99699 -0.168641 0 0 0 0.270409160945 0.962745493719
21.522 -1.98636 -0.16225 0 0 0 0.264453303497 0.964398491428
21.546 -1.9766 -0.155363 0 0 0 0.259122441416 0.965844480418
21.571 -1.95483 -0.143138 0 0 0 0.247014436481 0.96901179981
21.596 -1.95483 -0.143138 0 0 0 0.247014436481 0.96901179981
21.62 -1.94481 -0.136642 0 0 0 0.241578788495 0.970381208057
21.645 -1.93377 -0.130871 0 0 0 0.235511170853 0.971871641938
21.671 -1.92271 -0.125262 0 0 0 0.229454312569 0.973319432891
21.703 -1.91158 -0.119792 0 0 0 0.223427544673 0.974720540607
21.722 -1.90038 -0.114459 0 0 0 0.217417600965 0.976078678586
21.747 -1.89027 -0.10837 0 0 0 0.212216435455 0.977222689321
21.772 -1.87896 -0.103296 0 0 0 0.206214282632 0.978506857226
21.797 -1.86743 -0.0982964 0 0 0 0.200204850579 0.979754059856
21.822 -1.85776 -0.0921961 0 0 0 0.195382056937 0.980727205612
21.846 -1.84608 -0.0874318 0 0 0 0.189414188144 0.9818972784
21.872 -1.83439 -0.0828295 0 0 0 0.183456025458 0.983027917571
21.9 -1.81105 -0.0741267 0 0 0 0.171526081671 0.985179579217
21.921 -1.81105 -0.0741267 0 0 0 0.171526081671 0.985179579217
21.947 -1.80115 -0.0685239 0 0 0 0.166836673371 0.98598454573
21.971 -1.78921 -0.0644446 0 0 0 0.160912863699 0.986968616672
22.0 -1.77722 -0.0605086 0 0 0 0.155013382923 0.98791237016
22.022 -1.76524 -0.0567325 0 0 0 0.149091559039 0.988823395265
22.047 -1.75313 -0.0530915 0 0 0 0.143087680974 0.98971001589
22.071 -1.74116 -0.0496351 0 0 0 0.13716867302 0.990547704627
22.096 -1.72905 -0.0462932 0 0 0 0.13126756417 0.991346975885
22.123 -1.7168 -0.043067 0 0 0 0.125470931782 0.992097296276
22.146 -1.70424 -0.0397847 0 0 0 0.119610940185 0.992820841334
22.171 -1.69202 -0.0368701 0 0 0 0.113984720917 0.993482502814
22.197 -1.67982 -0.0341054 0 0 0 0.108397590362 0.994107621137
22.223 -1.66759 -0.0314769 0 0 0 0.102900037831 0.994691702094
22.25 -1.64286 -0.0265181 0 0 0 0.0918468729356 0.995773142805
22.271 -1.64286 -0.0265181 0 0 0 0.0918468729356 0.995773142805
22.297 -1.63055 -0.0242955 0 0 0 0.0865391188316 0.996248453405
22.324 -1.61837 -0.0222307 0 0 0 0.0812622964273 0.996692750641
22.346 -1.60562 -0.0200107 0 0 0 0.0752537896757 0.997164413294
22.371 -1.59324 -0.0181977 0 0 0 0.0700550713822 0.99754312537
22.397 -1.5808 -0.0165045 0 0 0 0.0650275834452 0.997883466839
22.422 -1.56828 -0.014928 0 0 0 0.0601711317991 0.998188075915
22.446 -1.55549 -0.013356 0 0 0 0.055463025161 0.998460741762
22.472 -1.5431 -0.0120316 0 0 0 0.0510193403721 0.998697665416
22.497 -1.53076 -0.0108201 0 0 0 0.046780620517 0.998905187465
22.52 -1.51835 -0.00970592 0 0 0 0.0427574111141 0.999085483727
22.546 -1.50571 -0.00856726 0 0 0 0.038830235418 0.999245822016
22.572 -1.4934 -0.00765543 0 0 0 0.0350619122013 0.999385142131
22.598 -1.48108 -0.00683461 0 0 0 0.0314461150679 0.999505448633
22.623 -1.46864 -0.00609486 0 0 0 0.0279697019129 0.999608771358
22.646 -1.45585 -0.0053068 0 0 0 0.0245827733792 0.999697797963
22.672 -1.44346 -0.00473581 0 0 0 0.0214685005317 0.999769525183
22.697 -1.43102 -0.00423802 0 0 0 0.0185037939171 0.999828790149
22.722 -1.41867 -0.00381561 0 0 0 0.0157086538789 0.999876611484
22.746 -1.40588 -0.00332453 0 0 0 0.0130242317538 0.999915181096
22.771 -1.39359 -0.00303506 0 0 0 0.0105218058483 0.999944644269
22.796 -1.38119 -0.00280326 0 0 0 0.00816910913725 0.999966632271
22.822 -1.36868 -0.00262694 0 0 0 0.00592621531131 0.999982439832
22.847 -1.3558 -0.00238494 0 0 0 0.00373452131927 0.999993026651
22.871 -1.34318 -0.00231648 0 0 0 0.00169133919362 0.999998569685
22.896 -1.33062 -0.00229844 0 0 0 -0.000255315997226 0.999999967407
22.925 -1.31811 -0.00232798 0 0 0 -0.0021054284445 0.999997783583
22.949 -1.30518 -0.00228354 0 0 0 -0.00385858542506 0.999992555632
22.971 -1.29267 -0.00239968 0 0 0 -0.00542572337881 0.999985280655
22.996 -1.28016 -0.00255328 0 0 0 -0.00685304635751 0.999976517602
23.021 -1.26765 -0.00274033 0 0 0 -0.00810056140547 0.999967189914
23.046 -1.2548 -0.00283433 0 0 0 -0.00915647204724 0.999958078631
23.072 -1.2299 -0.00332986 0 0 0 -0.010619600384 0.999943610454
23.098 -1.21728 -0.00360361 0 0 0 -0.011078173391 0.999938635154
23.122 -1.21728 -0.00360361 0 0 0 -0.011078173391 0.999938635154
23.146 -1.2044 -0.0037752 0 0 0 -0.0114593991813 0.99993433893
23.17 -1.19168 -0.00407049 0 0 0 -0.011748229733 0.999930987168
23.198 -1.17901 -0.00437096 0 0 0 -0.0119671643393 0.999928390925
23.222 -1.1664 -0.00467454 0 0 0 -0.0120962049981 0.999926838236
23.246 -1.1535 -0.00491486 0 0 0 -0.0122226456498 0.999925300677
23.271 -1.14095 -0.00522223 0 0 0 -0.012245143966 0.999925025414
23.296 -1.12839 -0.00552958 0 0 0 -0.0122210457693 0.999925320232
23.322 -1.11577 -0.0058376 0 0 0 -0.0121936478109 0.999925654713
23.346 -1.10286 -0.00615514 0 0 0 -0.0122478937597 0.999924991736
23.371 -1.09024 -0.00646299 0 0 0 -0.0121539007565 0.99992613862
23.397 -1.07768 -0.00676643 0 0 0 -0.0120000119805 0.999927997264
23.422 -1.06523 -0.00706318 0 0 0 -0.0118261243212 0.999930068947
23.446 -1.05267 -0.0073575 0 0 0 -0.0116023396775 0.999932690592
23.471 -1.03996 -0.00770516 0 0 0 -0.0114883972723 0.999934006186
23.497 -1.02745 -0.00799015 0 0 0 -0.0112945598505 0.999936214425
23.526 -1.01494 -0.00827046 0 0 0 -0.0111140211839 0.999938237359
23.546 -1.00244 -0.00854599 0 0 0 -0.0109134833483 0.999940446167
23.571 -0.989536 -0.00921716 0 0 0 -0.0112159648293 0.999937099088
23.598 -0.976922 -0.00949709 0 0 0 -0.0109722298306 0.999939803274
23.621 -0.964308 -0.00977074 0 0 0 -0.0107184447579 0.999942555821
23.646 -0.951398 -0.0104182 0 0 0 -0.010926132594 0.999940308032
23.672 -0.938784 -0.0106896 0 0 0 -0.0105891520962 0.999943933357
23.696 -0.926277 -0.01095 0 0 0 -0.0102222219651 0.999947751724
23.722 -0.913824 -0.0111997 0 0 0 -0.00983199158652 0.999951664803
23.747 -0.888648 -0.0116749 0 0 0 -0.00903812694478 0.999959155297
23.771 -0.888096 -0.0120999 0 0 0 -0.00962110156332 0.999953716131
23.797 -0.875588 -0.0123356 0 0 0 -0.00922086932847 0.999957486881
23.821 -0.863027 -0.012562 0 0 0 -0.00880063639273 0.99996127365
23.846 -0.850573 -0.0127756 0 0 0 -0.00835045295068 0.99996513436
23.87 -0.837487 -0.0134 0 0 0 -0.00845524925072 0.999964253741
23.896 -0.825033 -0.0136047 0 0 0 -0.00798181524483 0.999968144805
23.923 -0.812578 -0.0137975 0 0 0 -0.00750167963847 0.999971862005
23.946 -0.800231 -0.0139771 0 0 0 -0.00703484197416 0.999975255193
23.97 -0.78731 -0.0144519 0 0 0 -0.00697869335252 0.999975648623
23.996 -0.774856 -0.0146194 0 0 0 -0.00647190481926 0.999979057005
24.021 -0.762347 -0.0147748 0 0 0 -0.00594851491824 0.999982307429
24.048 -0.749945 -0.014916 0 0 0 -0.00543507324095 0.99998522988
24.071 -0.736558 -0.0152782 0 0 0 -0.0053189249201 0.999985854419
24.096 -0.724157 -0.0154032 0 0 0 -0.00475554207524 0.999988692346
24.123 -0.711701 -0.0155147 0 0 0 -0.00420216263282 0.999991170876
24.15 -0.699246 -0.0156127 0 0 0 -0.00366209181462 0.999993294519
24.171 -0.686151 -0.01592 0 0 0 -0.00343087326922 0.999994114537
24.196 -0.673856 -0.0159969 0 0 0 -0.00282422624553 0.999996011865
24.223 -0.661561 -0.0160586 0 0 0 -0.00219760323112 0.999997585267
24.245 -0.649266 -0.0161046 0 0 0 -0.00154434438612 0.999998807499
24.272 -0.6239 -0.0163905 0 0 0 -0.000630089958308 0.999999801493
24.297 -0.6239 -0.0163905 0 0 0 -0.000630089958308 0.999999801493
24.321 -0.611659 -0.0163986 0 0 0 -2.67660999968e-05 0.999999999642
24.347 -0.599257 -0.0163919 0 0 0 0.00056323997022 0.99999984138
24.371 -0.585915 -0.0165335 0 0 0 0.000793934916593 0.999999684834
24.397 -0.573513 -0.0165067 0 0 0 0.00136729457397 0.999999065252
24.423 -0.548547 -0.0164091 0 0 0 0.00255396222353 0.999996738633
24.447 -0.548547 -0.0164091 0 0 0 0.00255396222353 0.999996738633
24.471 -0.535244 -0.016418 0 0 0 0.00295156071446 0.999995644135
24.496 -0.522788 -0.0163366 0 0 0 0.00358816730038 0.999993562507
24.522 -0.510333 -0.0162389 0 0 0 0.00425473716279 0.999990948565
