508.408 -0.490897 -0.0180907 0 0 0 0.00541372355505 0.999985345691
508.434 -0.478442 -0.0179484 0 0 0 0.00601041381164 0.9999819373
508.459 -0.465987 -0.0177911 0 0 0 0.00662035163842 0.999978085232
508.484 -0.453586 -0.0176196 0 0 0 0.00720703760795 0.999974028967
508.508 -0.440699 -0.0174362 0 0 0 0.00775877215342 0.999969900274
508.534 -0.428191 -0.0172346 0 0 0 0.00835875266101 0.999965065017
508.558 -0.415737 -0.0170191 0 0 0 0.00894538069439 0.999959989282
508.584 -0.403283 -0.0167891 0 0 0 0.00951875625026 0.999954695613
508.608 -0.390776 -0.016544 0 0 0 0.0100754295255 0.999949241572
508.634 -0.377817 -0.016271 0 0 0 0.0105771527682 0.999944060355
508.659 -0.365203 -0.015998 0 0 0 0.0110572746711 0.99993886647
508.684 -0.352643 -0.0157144 0 0 0 0.0115207451314 0.999933634014
508.708 -0.340083 -0.0154191 0 0 0 0.011987562876 0.999928146587
508.734 -0.327132 -0.0150739 0 0 0 0.0124248302943 0.999922808817
508.762 -0.314573 -0.0147562 0 0 0 0.0128616953698 0.999917284975
508.787 -0.301907 -0.0144254 0 0 0 0.0132452626846 0.999912277661
508.809 -0.289294 -0.0140872 0 0 0 0.0135622342058 0.999908028672
508.834 -0.276217 -0.0136647 0 0 0 0.0138342586798 0.999904302064
508.86 -0.263658 -0.0133142 0 0 0 0.0140713855938 0.999900993153
508.884 -0.251046 -0.012956 0 0 0 0.0143218103536 0.999897437615
508.908 -0.238327 -0.0125881 0 0 0 0.0145922320885 0.999893527713
508.934 -0.225185 -0.0120698 0 0 0 0.0148797008707 0.999889291123
508.959 -0.212628 -0.0116929 0 0 0 0.0151267730577 0.999885583823
508.984 -0.200178 -0.0113131 0 0 0 0.0153705447111 0.9998818662
509.01 -0.187835 -0.0109312 0 0 0 0.0155544227254 0.999879022649
509.034 -0.174728 -0.0107096 0 0 0 0.0156077662491 0.999878191398
509.058 -0.16217 -0.0103164 0 0 0 0.0156950555556 0.99987682503
509.085 -0.149721 -0.00992509 0 0 0 0.0157225021685 0.999876393824
509.109 -0.137271 -0.00953419 0 0 0 0.0156633594523 0.99987732206
509.133 -0.124471 -0.00923031 0 0 0 0.0154741323898 0.999880268446
509.158 -0.0995167 -0.00846591 0 0 0 0.0151395215977 0.999885390875
509.185 -0.0869591 -0.00808747 0 0 0 0.0149871888833 0.999887685777
509.209 -0.0744014 -0.00771213 0 0 0 0.0148914495688 0.999889116217
509.235 -0.0613793 -0.00712568 0 0 0 0.0148312562171 0.999890010871
509.257 -0.0613793 -0.00712568 0 0 0 0.0148312562171 0.999890010871
509.282 -0.0489289 -0.00675723 0 0 0 0.0147521648709 0.999891180895
509.308 -0.0363711 -0.00638738 0 0 0 0.0146897216379 0.999892100218
509.333 -0.0238093 -0.00552121 0 0 0 0.015354396617 0.999882114304
509.359 -0.0114129 -0.00514224 0 0 0 0.015205414012 0.99988439101
509.385 0.0133268 -0.00439919 0 0 0 0.0148042091869 0.99989041169
509.41 0.0133268 -0.00439919 0 0 0 0.0148042091869 0.99989041169
509.435 0.0255782 -0.00334543 0 0 0 0.0154002911898 0.999881408484
509.459 0.0379747 -0.00296606 0 0 0 0.0151913656349 0.999884604547
509.485 0.0503176 -0.00259276 0 0 0 0.0150423826607 0.999886856961
509.508 0.0627679 -0.00221935 0 0 0 0.0149399941679 0.999888392059
509.534 0.0758934 -0.00151526 0 0 0 0.0152246617838 0.99988409812
509.558 0.0883435 -0.00113635 0 0 0 0.0151988147747 0.999884491344
509.583 0.100794 -0.00075804 0 0 0 0.0151763173698 0.999884833064
509.609 0.113351 -0.000376877 0 0 0 0.0151671184287 0.999884972644
509.633 0.125596 0.000288448 0 0 0 0.0156361627834 0.999877747734
509.659 0.138154 0.000679831 0 0 0 0.0155204768236 0.999879550146
509.689 0.150604 0.00106524 0 0 0 0.0154246882916 0.999881032419
509.709 0.163054 0.0014478 0 0 0 0.0152923539023 0.999883065119
509.734 0.175747 0.00164621 0 0 0 0.014958792067 0.99988811101
509.758 0.188144 0.00201528 0 0 0 0.0148031593019 0.999890427234
509.783 0.200595 0.00238195 0 0 0 0.0146374772557 0.999892866391
509.809 0.213099 0.00274598 0 0 0 0.0144651954984 0.999895373586
509.833 0.225776 0.00309416 0 0 0 0.0141291798476 0.999900178156
509.859 0.238227 0.00344413 0 0 0 0.0139701955414 0.999902412057
509.884 0.250732 0.00379151 0 0 0 0.013801211835 0.99990475874
509.908 0.26329 0.00413571 0 0 0 0.0135989808167 0.999907529585
509.934 0.275975 0.00438413 0 0 0 0.0131910174241 0.999912994745
509.959 0.288588 0.00471433 0 0 0 0.0129821353132 0.999915728531
509.985 0.301093 0.0050359 0 0 0 0.0127266064276 0.999919013465
510.009 0.313599 0.00535084 0 0 0 0.0124510782638 0.999922482321
510.034 0.326258 0.00553265 0 0 0 0.0120455086919 0.999927450228
510.058 0.338765 0.00583014 0 0 0 0.0117367305259 0.999931122206
510.083 0.351217 0.00611873 0 0 0 0.0114346008061 0.999934622815
510.11 0.363616 0.00639901 0 0 0 0.0111657679728 0.99993766087
510.133 0.376459 0.00665655 0 0 0 0.0108309382273 0.999941343668
510.159 0.401688 0.00719309 0 0 0 0.010446359995 0.999945435293
510.184 0.414302 0.00745434 0 0 0 0.010260719946 0.999947357427
510.209 0.426809 0.00770868 0 0 0 0.0100717797108 0.99994927834
510.234 0.426809 0.00770868 0 0 0 0.0100717797108 0.99994927834
510.259 0.439517 0.00790361 0 0 0 0.0097207469032 0.999952752424
510.283 0.452025 0.00814356 0 0 0 0.00946190881046 0.999955235139
510.308 0.476986 0.00860279 0 0 0 0.00892088167197 0.999960208143
510.333 0.477216 0.00855791 0 0 0 0.00881543581862 0.999961143291
510.358 0.489617 0.00877299 0 0 0 0.00852659667864 0.999963647914
510.383 0.502124 0.0089834 0 0 0 0.00829435489354 0.999965601247
510.409 0.514579 0.0091875 0 0 0 0.00809211168242 0.999967258328
510.433 0.527318 0.00936438 0 0 0 0.00782037028452 0.999969420437
510.459 0.552602 0.00975276 0 0 0 0.00754897829913 0.999971506057
510.486 0.552602 0.00975276 0 0 0 0.00754897829913 0.999971506057
510.509 0.565218 0.00994166 0 0 0 0.00742323182289 0.999972447435
510.536 0.577887 0.0101283 0 0 0 0.00730753496129 0.99997329961
510.558 0.590812 0.0101731 0 0 0 0.0071793883233 0.99997422786
510.583 0.603374 0.010352 0 0 0 0.00706029134212 0.999975075832
510.61 0.628551 0.0106994 0 0 0 0.00674229891638 0.999977270444
510.633 0.641302 0.0108236 0 0 0 0.00650395414471 0.999978849067
510.658 0.653649 0.0109824 0 0 0 0.00635490722556 0.999979807373
510.694 0.653649 0.0109824 0 0 0 0.00635490722556 0.999979807373
510.707 0.666104 0.011139 0 0 0 0.0062159099714 0.999980681045
510.733 0.678613 0.0112927 0 0 0 0.00607351265987 0.999981556052
510.758 0.691012 0.0110921 0 0 0 0.00586106644282 0.999982823803
510.786 0.703414 0.0112356 0 0 0 0.00570536904674 0.99998372425
510.816 0.728324 0.0115124 0 0 0 0.00540402369695 0.999985398157
510.832 0.728324 0.0115124 0 0 0 0.00540402369695 0.999985398157
510.858 0.753764 0.011672 0 0 0 0.00490742530234 0.999987958516
510.883 0.766273 0.0117918 0 0 0 0.00467185300503 0.999989086835
510.91 0.766273 0.0117918 0 0 0 0.00467185300503 0.999989086835
510.933 0.778914 0.0117819 0 0 0 0.00432513651497 0.999990646553
510.959 0.791423 0.0118868 0 0 0 0.0040562738767 0.999991773287
510.983 0.803825 0.0119841 0 0 0 0.00379074592126 0.999992815097
511.01 0.816334 0.0120758 0 0 0 0.00353852761554 0.999993739392
511.033 0.829025 0.0120538 0 0 0 0.00319993953895 0.99999488018
511.058 0.841534 0.0121306 0 0 0 0.00293440578875 0.999995694622
511.084 0.854044 0.0122006 0 0 0 0.00266221685529 0.999996456294
511.109 0.878902 0.0123202 0 0 0 0.00213780837162 0.999997714885
511.134 0.879034 0.0117352 0 0 0 0.00162083929031 0.999998686439
511.157 0.891651 0.0117724 0 0 0 0.001325344612 0.99999912173
511.182 0.90416 0.0118016 0 0 0 0.00100987482835 0.999999490076
511.208 0.916724 0.011823 0 0 0 0.000691079944991 0.999999761204
511.233 0.941636 0.0118421 0 0 0 9.01034998781e-05 0.999999995941
511.259 0.95428 0.0112174 0 0 0 -0.000771309923522 0.99999970254
511.283 0.95428 0.0112174 0 0 0 -0.000771309923522 0.99999970254
511.309 0.966682 0.0111946 0 0 0 -0.00106680479765 0.999999430964
511.334 0.979192 0.0111646 0 0 0 -0.00132900960877 0.999999116866
511.358 0.991838 0.0104903 0 0 0 -0.00199409367844 0.999998011793
511.383 1.00429 0.0104374 0 0 0 -0.00225962807708 0.999997447037
511.414 1.01675 0.0103778 0 0 0 -0.002521832327 0.999996820176
511.436 1.02926 0.0103117 0 0 0 -0.00276073149311 0.999996189174
511.458 1.04194 0.00981212 0 0 0 -0.00332533387146 0.999994471062
511.483 1.05456 0.00972561 0 0 0 -0.00353094266292 0.999993766203
511.508 1.06728 0.00963331 0 0 0 -0.00372324139769 0.999993068713
511.534 1.07985 0.00953772 0 0 0 -0.00388557522273 0.999992451124
511.558 1.09197 0.00896898 0 0 0 -0.00408618362882 0.999991651517
511.584 1.10437 0.0088647 0 0 0 -0.00432175654656 0.999990661167
511.608 1.11667 0.00875574 0 0 0 -0.00454067939674 0.999989691062
511.634 1.12896 0.0086416 0 0 0 -0.00474296221712 0.999988752091
511.658 1.14118 0.00803566 0 0 0 -0.0052685256263 0.999986121223
511.684 1.15347 0.00790408 0 0 0 -0.00543417325424 0.999985234772
511.709 1.16582 0.00776775 0 0 0 -0.00560652062789 0.99998428334
511.733 1.17822 0.00762641 0 0 0 -0.00578881766857 0.999983244655
511.758 1.19044 0.00705366 0 0 0 -0.0061805106514 0.999980900462
511.783 1.20284 0.00689835 0 0 0 -0.00634280746943 0.999979884194
511.808 1.2154 0.00673702 0 0 0 -0.00649850425989 0.999978884498
511.835 1.22781 0.00657378 0 0 0 -0.00666415067219 0.999977794301
511.858 1.25233 0.0057782 0 0 0 -0.0072874354965 0.999973446289
511.883 1.25233 0.0057782 0 0 0 -0.0072874354965 0.999973446289
511.908 1.26468 0.00559581 0 0 0 -0.00748308016054 0.999972001364
511.933 1.27708 0.00540749 0 0 0 -0.0077019738506 0.99997033936
511.958 1.28926 0.00483596 0 0 0 -0.00807016239915 0.999967435709
511.983 1.30155 0.00463455 0 0 0 -0.00831240427129 0.999965451371
512.008 1.31385 0.00442648 0 0 0 -0.00861124357078 0.999962922555
512.035 1.32603 0.00421255 0 0 0 -0.00894333077639 0.999960007618
512.059 1.3381 0.00367823 0 0 0 -0.00940546132239 0.99995576767
512.083 1.35034 0.00344277 0 0 0 -0.00983079164451 0.9999516766
512.108 1.36263 0.00319498 0 0 0 -0.010322666665 0.999946719857
512.135 1.37497 0.00293317 0 0 0 -0.0108811352691 0.999940798695
512.159 1.39963 0.00207074 0 0 0 -0.0125137233828 0.999921700298
512.183 1.39963 0.00207074 0 0 0 -0.0125137233828 0.999921700298
512.208 1.41208 0.00174873 0 0 0 -0.0133418041531 0.99991099417
512.234 1.42458 0.00140401 0 0 0 -0.0142164210843 0.999898941579
512.258 1.43703 0.000830087 0 0 0 -0.0153499971355 0.999882181853
512.283 1.44942 0.000435951 0 0 0 -0.0164343101291 0.999864947606
512.309 1.46203 6.44625e-06 0 0 0 -0.0176118394086 0.999844899528
512.34 1.47459 -0.00045201 0 0 0 -0.0188858271377 0.999821646862
512.358 1.49981 -0.00145444 0 0 0 -0.0216829505993 0.99976489719
512.383 1.49981 -0.00145444 0 0 0 -0.0216829505993 0.99976489719
512.409 1.51246 -0.00202531 0 0 0 -0.023382818692 0.999726584517
512.435 1.52517 -0.00264364 0 0 0 -0.0252257738735 0.999681779534
512.458 1.53789 -0.00328227 0 0 0 -0.0271140766436 0.999632345839
512.483 1.5506 -0.00399846 0 0 0 -0.0291930518557 0.999573792035
512.508 1.5633 -0.00476868 0 0 0 -0.0313651050481 0.999507994058
512.534 1.57594 -0.00559156 0 0 0 -0.0336134669986 0.999434907754
512.558 1.58853 -0.00646954 0 0 0 -0.0360147598839 0.999351258102
512.583 1.60128 -0.00755267 0 0 0 -0.0388648093002 0.999244477892
512.608 1.61391 -0.00857106 0 0 0 -0.0415749138188 0.999135389495
512.634 1.62648 -0.00965561 0 0 0 -0.0444642854288 0.999010974575
512.658 1.6515 -0.012043 0 0 0 -0.0507471933674 0.998711531107
512.683 1.65158 -0.0122466 0 0 0 -0.0512160828209 0.998687595227
512.708 1.66418 -0.0135851 0 0 0 -0.0545658859176 0.998510172254
512.734 1.67682 -0.0150151 0 0 0 -0.0579919455877 0.998317050965
512.758 1.68946 -0.0165337 0 0 0 -0.0615700328354 0.998102765779
512.783 1.70209 -0.0180588 0 0 0 -0.065096936189 0.997878945012
512.808 1.71454 -0.0197394 0 0 0 -0.068972197259 0.997618582428
512.834 1.72692 -0.0215128 0 0 0 -0.0731486094852 0.997321052084
512.858 1.73945 -0.0234165 0 0 0 -0.077529619444 0.996990049152
512.883 1.75204 -0.0252564 0 0 0 -0.0817352179717 0.996654079479
512.908 1.76453 -0.0273808 0 0 0 -0.0865246732199 0.996249708117
512.935 1.78913 -0.0319429 0 0 0 -0.0967494242845 0.995308770634
512.958 1.78913 -0.0319429 0 0 0 -0.0967494242845 0.995308770634
512.983 1.80144 -0.0341755 0 0 0 -0.101707826208 0.994814313371
513.008 1.81368 -0.0367764 0 0 0 -0.107351729356 0.99422110529
513.034 1.82578 -0.0394946 0 0 0 -0.113161084849 0.993576654756
513.058 1.8379 -0.0423686 0 0 0 -0.119148272703 0.992876472232
513.083 1.85003 -0.0452037 0 0 0 -0.124912857232 0.992167716718
513.108 1.86198 -0.0483407 0 0 0 -0.131237823702 0.991350913466
513.134 1.87393 -0.0516456 0 0 0 -0.137682748782 0.990476380681
513.157 1.88584 -0.0551066 0 0 0 -0.144194087117 0.989549425365
513.182 1.89775 -0.058464 0 0 0 -0.150309181687 0.988639039236
513.208 1.90972 -0.0622789 0 0 0 -0.156995809518 0.98759926883
513.233 1.92153 -0.0662229 0 0 0 -0.163796588197 0.986494134648
513.259 1.93329 -0.0703303 0 0 0 -0.170664969316 0.985329116716
513.283 1.94501 -0.0748144 0 0 0 -0.177680063846 0.98408830646
513.308 1.9566 -0.0792343 0 0 0 -0.184704814027 0.982794043366
513.333 1.96807 -0.0838006 0 0 0 -0.191808469846 0.981432377138
513.358 1.97963 -0.0885954 0 0 0 -0.199016261908 0.979996187491
513.383 1.99104 -0.0937105 0 0 0 -0.206322406381 0.978484064574
513.408 2.00235 -0.0988029 0 0 0 -0.213644907717 0.976911384623
513.433 2.01348 -0.104019 0 0 0 -0.220968103882 0.975281034916
513.46 2.02463 -0.109448 0 0 0 -0.228272533983 0.973597273121
513.483 2.03554 -0.11511 0 0 0 -0.235498536502 0.971874703501
513.509 2.04652 -0.12087 0 0 0 -0.24278672556 0.970079690485
513.533 2.05747 -0.12682 0 0 0 -0.250099480961 0.968220145227
513.559 2.06841 -0.132987 0 0 0 -0.257430851361 0.966296722942
513.583 2.07917 -0.139266 0 0 0 -0.264766236879 0.964312625557
513.608 2.08976 -0.145832 0 0 0 -0.272051210456 0.96228277491
513.633 2.10032 -0.152435 0 0 0 -0.279391198908 0.960177357561
513.658 2.11074 -0.159168 0 0 0 -0.286705316383 0.958018821087
513.683 2.12091 -0.166369 0 0 0 -0.29427610842 0.955720446581
513.708 2.13107 -0.173393 0 0 0 -0.301530061782 0.953456670144
513.733 2.14116 -0.180601 0 0 0 -0.308750909618 0.951142931325
513.76 2.15114 -0.187961 0 0 0 -0.315941672024 0.948778614788
513.783 2.16088 -0.19578 0 0 0 -0.323225053802 0.946322125174
513.808 2.17068 -0.203474 0 0 0 -0.33032180737 0.943868371954
513.834 2.18032 -0.21128 0 0 0 -0.337368870693 0.941372532575
513.859 2.18988 -0.219263 0 0 0 -0.344384873621 0.938828556671
513.883 2.19906 -0.227866 0 0 0 -0.351659741141 0.936127890013
513.908 2.20846 -0.236207 0 0 0 -0.358542856158 0.933513267339
513.933 2.21769 -0.244648 0 0 0 -0.365332064292 0.930877265165
513.958 2.22684 -0.253259 0 0 0 -0.372024853327 0.928222768794
513.983 2.23561 -0.262439 0 0 0 -0.378882064965 0.925444963705
514.008 2.24451 -0.271312 0 0 0 -0.38536929956 0.922762430399
514.033 2.2532 -0.280231 0 0 0 -0.391754738394 0.920069684831
514.059 2.26181 -0.289308 0 0 0 -0.398072744127 0.917353852329
514.083 2.27033 -0.298542 0 0 0 -0.404347229625 0.914605553173
514.108 2.27846 -0.308321 0 0 0 -0.410727201046 0.911758282836
514.133 2.28672 -0.317783 0 0 0 -0.416500364284 0.909135549052
514.159 2.30288 -0.336959 0 0 0 -0.426795169422 0.904348319708
514.183 2.30288 -0.336959 0 0 0 -0.426795169422 0.904348319708
514.208 2.31037 -0.347281 0 0 0 -0.43180995858 0.901964611097
514.233 2.31817 -0.357064 0 0 0 -0.436200087837 0.899849700434
514.258 2.32587 -0.366921 0 0 0 -0.440495920921 0.897754612159
514.283 2.33344 -0.37681 0 0 0 -0.444894986279 0.895582743907
514.308 2.34025 -0.38799 0 0 0 -0.450367586846 0.892843231883
514.334 2.34767 -0.398133 0 0 0 -0.455051011831 0.890465370821
514.357 2.35494 -0.40831 0 0 0 -0.459831110818 0.888006390475
514.382 2.36211 -0.418565 0 0 0 -0.464624488 0.885507812021
514.409 2.36897 -0.429256 0 0 0 -0.469519955945 0.882921860059
514.433 2.37593 -0.43971 0 0 0 -0.474288788577 0.880369323086
514.462 2.38276 -0.450193 0 0 0 -0.479061300567 0.877781447912
514.483 2.3895 -0.460796 0 0 0 -0.48383369534 0.875159959809
514.508 2.39597 -0.47178 0 0 0 -0.488692081145 0.872456331186
514.536 2.40242 -0.482437 0 0 0 -0.4934962216 0.869747940076
514.561 2.40875 -0.493165 0 0 0 -0.498298357434 0.867005621077
514.585 2.41493 -0.503916 0 0 0 -0.503093897238 0.864231757437
514.607 2.42089 -0.515021 0 0 0 -0.507904146111 0.861413593092
514.633 2.42691 -0.526048 0 0 0 -0.512728658636 0.858550710566
514.659 2.43281 -0.537143 0 0 0 -0.517575538768 0.855637517684
514.683 2.43855 -0.548255 0 0 0 -0.522448501578 0.852670841063
514.708 2.44399 -0.559618 0 0 0 -0.527359688143 0.849642136033
514.733 2.4494 -0.570716 0 0 0 -0.53226601614 0.846577160135
514.758 2.45471 -0.581924 0 0 0 -0.537184052858 0.84346505165
514.784 2.45994 -0.593291 0 0 0 -0.542138513854 0.840289135831
514.808 2.46486 -0.604829 0 0 0 -0.547136978669 0.837043085255
514.835 2.47458 -0.627766 0 0 0 -0.557253962498 0.830342110988
514.858 2.47925 -0.639371 0 0 0 -0.562321054134 0.826918999708
514.882 2.47925 -0.639371 0 0 0 -0.562321054134 0.826918999708
514.908 2.48361 -0.651287 0 0 0 -0.567400056982 0.823442272012
514.933 2.48799 -0.663004 0 0 0 -0.572473963073 0.819922899792
514.959 2.49225 -0.674824 0 0 0 -0.577583185086 0.816331834676
514.983 2.49637 -0.686748 0 0 0 -0.582726769612 0.812668143819
515.008 2.50023 -0.698873 0 0 0 -0.587875429184 0.808951469349
515.033 2.50406 -0.710949 0 0 0 -0.593060772724 0.805157698749
515.059 2.50776 -0.723125 0 0 0 -0.598225641076 0.801327699733
515.083 2.5146 -0.747546 0 0 0 -0.608377795736 0.793647565142
515.108 2.5146 -0.747546 0 0 0 -0.608377795736 0.793647565142
515.132 2.51776 -0.759595 0 0 0 -0.613436748535 0.78974385439
515.158 2.52077 -0.771683 0 0 0 -0.618490298513 0.785792434836
515.185 2.52363 -0.783862 0 0 0 -0.623565303725 0.781771265774
515.208 2.52631 -0.796369 0 0 0 -0.628575279011 0.777748750315
515.232 2.52886 -0.808669 0 0 0 -0.633648277042 0.773621264575
515.259 2.53128 -0.821108 0 0 0 -0.638728798102 0.769431947917
515.283 2.53347 -0.833656 0 0 0 -0.643743361293 0.765241455222
515.308 2.53554 -0.846047 0 0 0 -0.648776092662 0.760979356875
515.332 2.53746 -0.858571 0 0 0 -0.653674664061 0.756775682461
515.359 2.53923 -0.871171 0 0 0 -0.658286333225 0.752767629146
515.383 2.54067 -0.884036 0 0 0 -0.662686223673 0.748897168478
515.407 2.54213 -0.896514 0 0 0 -0.666921795578 0.745127719645
515.432 2.54343 -0.908901 0 0 0 -0.671221175747 0.741257130306
515.46 2.54459 -0.921303 0 0 0 -0.675638179275 0.737233376012
515.485 2.5456 -0.933772 0 0 0 -0.680100711515 0.733118695844
515.51 2.54665 -0.946232 0 0 0 -0.684377794084 0.729127584833
515.533 2.54737 -0.958775 0 0 0 -0.68889969972 0.724856678058
515.562 2.54833 -0.983829 0 0 0 -0.697949322739 0.7161471517
515.584 2.54833 -0.983829 0 0 0 -0.697949322739 0.7161471517
515.611 2.54857 -0.996336 0 0 0 -0.702429375574 0.711753449117
515.632 2.54911 -1.00871 0 0 0 -0.706517400343 0.707695671184
515.656 2.54905 -1.02117 0 0 0 -0.710930186691 0.703262589401
515.688 2.54884 -1.03368 0 0 0 -0.715336121706 0.698780532773
515.707 2.54959 -1.04574 0 0 0 -0.718949666927 0.695062138536
515.733 2.54909 -1.05818 0 0 0 -0.723369501129 0.690461124783
515.759 2.54843 -1.07057 0 0 0 -0.7277941818 0.685795617468
515.786 2.54762 -1.08289 0 0 0 -0.732209204721 0.681079790129
515.808 2.54693 -1.09526 0 0 0 -0.736356908935 0.676593306695
515.832 2.54581 -1.10756 0 0 0 -0.740786202651 0.671740874118
515.858 2.54451 -1.1199 0 0 0 -0.745230198856 0.666807281539
515.884 2.54305 -1.13227 0 0 0 -0.749671120514 0.66181055527
515.908 2.54137 -1.14489 0 0 0 -0.754009573572 0.656863427937
515.933 2.53957 -1.15727 0 0 0 -0.758387083925 0.65180444225
515.958 2.53762 -1.16957 0 0 0 -0.762740352614 0.646704843413
515.982 2.5355 -1.18184 0 0 0 -0.767094616424 0.641533981527
516.017 2.5305 -1.20642 0 0 0 -0.775836608146 0.630933877249
516.033 2.52787 -1.2186 0 0 0 -0.780168420799 0.62556952866
516.058 2.52787 -1.2186 0 0 0 -0.780168420799 0.62556952866
516.083 2.52508 -1.23074 0 0 0 -0.784491050694 0.620140138502
516.108 2.52212 -1.24284 0 0 0 -0.788791263602 0.614661160693
516.133 2.51841 -1.25525 0 0 0 -0.793223743007 0.608930286264
516.16 2.51511 -1.26726 0 0 0 -0.797415497576 0.603430629175
516.184 2.51163 -1.27927 0 0 0 -0.801548195034 0.597930172376
516.208 2.50798 -1.29124 0 0 0 -0.80564295184 0.592401413022
516.232 2.50366 -1.30339 0 0 0 -0.809834527014 0.586658366391
516.259 2.49971 -1.31515 0 0 0 -0.81385734898 0.58106472575
516.285 2.49559 -1.3269 0 0 0 -0.817853044289 0.575427143909
516.308 2.49128 -1.33864 0 0 0 -0.821818235163 0.569749759415
516.331 2.48632 -1.3505 0 0 0 -0.825887820027 0.563834469265
516.359 2.48171 -1.36207 0 0 0 -0.829769749096 0.558105871215
516.382 2.47691 -1.37363 0 0 0 -0.833589848949 0.552383891628
516.408 2.47145 -1.38543 0 0 0 -0.837455209966 0.546505966391
516.432 2.46631 -1.3969 0 0 0 -0.841125019022 0.540840736608
516.458 2.461 -1.40834 0 0 0 -0.844729745867 0.535193102018
516.483 2.45556 -1.41967 0 0 0 -0.848264780121 0.529572339541
516.507 2.44997 -1.43092 0 0 0 -0.851723117845 0.523992109224
516.532 2.44374 -1.44226 0 0 0 -0.855219904552 0.518265293896
516.558 2.43793 -1.45322 0 0 0 -0.858521828842 0.512777017233
516.584 2.43198 -1.4641 0 0 0 -0.86175302238 0.507328028418
516.608 2.42589 -1.47491 0 0 0 -0.864917009327 0.501914900135
516.632 2.4191 -1.48601 0 0 0 -0.868118974759 0.496356168153
516.658 2.41271 -1.4967 0 0 0 -0.871184587692 0.490955613236
516.683 2.39938 -1.51812 0 0 0 -0.877210106584 0.480106684922
516.707 2.39248 -1.52875 0 0 0 -0.880179382035 0.474641185992
516.731 2.39171 -1.52925 0 0 0 -0.880233959951 0.474539962225
516.757 2.38468 -1.53979 0 0 0 -0.883156825447 0.469077841798
516.782 2.37755 -1.5502 0 0 0 -0.886031888906 0.463624300313
516.807 2.363 -1.57062 0 0 0 -0.891694460847 0.452637811605
516.833 2.36212 -1.5709 0 0 0 -0.89183925929 0.452352446207
516.859 2.35467 -1.58095 0 0 0 -0.89462445131 0.446818857166
516.885 2.34713 -1.59086 0 0 0 -0.897368690397 0.441281580735
516.909 2.3395 -1.60063 0 0 0 -0.90007429961 0.435736451519
516.932 2.33091 -1.61067 0 0 0 -0.902810160147 0.430039317663
516.958 2.32293 -1.62037 0 0 0 -0.905437812064 0.424478937623
516.983 2.31487 -1.62994 0 0 0 -0.908027029097 0.41891158307
517.008 2.30662 -1.63949 0 0 0 -0.91058614722 0.413319329927
517.032 2.29826 -1.64893 0 0 0 -0.913116940376 0.407697747354
517.058 2.28893 -1.65855 0 0 0 -0.915685384689 0.401895852513
517.081 2.28034 -1.66778 0 0 0 -0.918123860893 0.396293547839
517.108 2.27166 -1.67687 0 0 0 -0.920508526739 0.390722474655
517.132 2.26216 -1.68609 0 0 0 -0.92290367296 0.385030921403
517.158 2.25331 -1.69492 0 0 0 -0.925216205585 0.379440341718
517.182 2.24438 -1.70361 0 0 0 -0.927491134681 0.373845148541
517.208 2.23536 -1.7122 0 0 0 -0.929739592061 0.368217722217
517.233 2.22544 -1.72083 0 0 0 -0.932020966914 0.362404355978
517.258 2.21609 -1.72929 0 0 0 -0.934198226579 0.356754360108
517.282 2.20667 -1.73761 0 0 0 -0.936332458242 0.351114693004
517.308 2.19712 -1.74585 0 0 0 -0.938425734683 0.345481027677
517.332 2.1869 -1.75403 0 0 0 -0.940515696526 0.339750238542
517.358 2.17719 -1.762 0 0 0 -0.942522220992 0.334143476573
517.383 2.15744 -1.77762 0 0 0 -0.946455915161 0.322833084823
517.407 2.15744 -1.77762 0 0 0 -0.946455915161 0.322833084823
517.433 2.1475 -1.78521 0 0 0 -0.948391722136 0.317101153237
517.457 2.137 -1.7931 0 0 0 -0.950275689602 0.311409880624
517.482 2.12683 -1.80048 0 0 0 -0.952186626679 0.305516984753
517.509 2.11656 -1.80772 0 0 0 -0.954083489075 0.299540808362
517.533 2.10573 -1.81529 0 0 0 -0.955929632959 0.293595873322
517.557 2.09537 -1.82221 0 0 0 -0.957777556704 0.287510263946
517.581 2.08484 -1.82907 0 0 0 -0.959585331784 0.281417822863
517.607 2.07409 -1.83587 0 0 0 -0.961347470006 0.275338050245
517.632 2.06295 -1.84305 0 0 0 -0.962980836356 0.269569858871
517.657 2.05208 -1.84956 0 0 0 -0.964620469423 0.263642466173
517.681 2.04123 -1.85588 0 0 0 -0.966210731785 0.257753412748
517.708 2.03044 -1.86199 0 0 0 -0.967761263627 0.251869284796
517.732 2.01934 -1.8681 0 0 0 -0.969283340903 0.245946752463
517.757 2.00792 -1.87427 0 0 0 -0.970767973576 0.240019877258
517.782 1.99662 -1.88013 0 0 0 -0.972232749055 0.234015985917
517.808 1.98521 -1.88587 0 0 0 -0.973669512098 0.227964210374
517.835 1.97382 -1.89143 0 0 0 -0.975061947999 0.221932867246
517.857 1.9506 -1.90226 0 0 0 -0.977663282747 0.210177319348
517.882 1.9506 -1.90226 0 0 0 -0.977663282747 0.210177319348
517.907 1.93902 -1.9074 0 0 0 -0.978883239364 0.204420164591
517.932 1.92726 -1.91251 0 0 0 -0.980057373076 0.198714733925
517.957 1.91561 -1.91735 0 0 0 -0.981182809578 0.193081056006
517.983 1.90396 -1.92205 0 0 0 -0.982264613978 0.187499941673
518.008 1.89235 -1.92657 0 0 0 -0.983310124305 0.181937350313
518.032 1.88065 -1.93098 0 0 0 -0.984317960271 0.176403381734
518.058 1.86866 -1.93541 0 0 0 -0.985279270149 0.170952507482
518.084 1.85681 -1.93957 0 0 0 -0.986197979863 0.165570361219
518.109 1.84491 -1.94361 0 0 0 -0.987075272988 0.160257310147
518.132 1.83297 -1.94752 0 0 0 -0.987921618546 0.15495443075
518.157 1.82066 -1.95144 0 0 0 -0.98874246832 0.149627308139
518.182 1.80864 -1.95509 0 0 0 -0.989530263797 0.144325524523
518.209 1.79653 -1.95863 0 0 0 -0.990294495614 0.138984934281
518.233 1.78443 -1.96203 0 0 0 -0.991022552248 0.133694805192
518.257 1.77227 -1.96531 0 0 0 -0.99170886179 0.128504993864
518.282 1.76026 -1.96841 0 0 0 -0.992347633456 0.123475399875
518.307 1.74833 -1.97137 0 0 0 -0.992943119415 0.118591574771
518.332 1.73636 -1.97421 0 0 0 -0.993505470274 0.113784359799
518.357 1.72391 -1.97701 0 0 0 -0.994045637413 0.108964538916
518.382 1.71194 -1.9796 0 0 0 -0.994545746683 0.104301283572
518.411 1.6999 -1.9821 0 0 0 -0.995024478032 0.0996307588901
518.434 1.68763 -1.98452 0 0 0 -0.995484124365 0.0949281735679
518.458 1.67474 -1.98664 0 0 0 -0.995945869969 0.0899545668161
518.482 1.66268 -1.98878 0 0 0 -0.996352963172 0.0853274444566
518.508 1.6504 -1.99084 0 0 0 -0.996731292178 0.0807881872166
518.532 1.63815 -1.99279 0 0 0 -0.997078638548 0.0763818600961
518.557 1.62562 -1.99485 0 0 0 -0.997400384226 0.0720588200442
518.582 1.61361 -1.99654 0 0 0 -0.997695251246 0.0678541497674
518.607 1.60152 -1.99814 0 0 0 -0.997964429184 0.0637730200318
518.633 1.58927 -1.99967 0 0 0 -0.998211237963 0.0597856538334
518.658 1.57599 -2.00183 0 0 0 -0.998401682414 0.0565161972541
518.681 1.56377 -2.00318 0 0 0 -0.998601315481 0.0528716627367
518.709 1.55143 -2.00444 0 0 0 -0.998783210272 0.049316314526
518.735 1.53914 -2.00561 0 0 0 -0.998948553661 0.0458452520932
518.757 1.52618 -2.00749 0 0 0 -0.999069125955 0.0431379364804
518.782 1.51382 -2.00852 0 0 0 -0.99920663846 0.0398257913677
518.808 1.50146 -2.00947 0 0 0 -0.999331343558 0.0365631752137
518.832 1.48847 -2.01125 0 0 0 -0.999413994207 0.0342296389716
518.857 1.47599 -2.01207 0 0 0 -0.999515303737 0.0311312960786
518.882 1.4635 -2.01281 0 0 0 -0.999603073565 0.0281725987199
518.908 1.45106 -2.01348 0 0 0 -0.999679432333 0.0253186210042
518.932 1.43878 -2.01407 0 0 0 -0.999745504062 0.0225594128404
518.957 1.42598 -2.01555 0 0 0 -0.999785010079 0.0207348407398
518.984 1.41343 -2.01603 0 0 0 -0.999835994404 0.0181103366644
519.012 1.40092 -2.01646 0 0 0 -0.999879236011 0.015540701179
519.034 1.38842 -2.01681 0 0 0 -0.999914963103 0.0130409571281
519.057 1.37559 -2.01788 0 0 0 -0.999936197179 0.011296086548
519.082 1.36313 -2.01813 0 0 0 -0.999958946459 0.00906120279471
519.107 1.35046 -2.01833 0 0 0 -0.999975770062 0.00696127057063
519.132 1.33796 -2.01848 0 0 0 -0.999987418259 0.00501630575684
519.158 1.32498 -2.01932 0 0 0 -0.999992448242 0.00388631701202
519.182 1.31237 -2.01939 0 0 0 -0.999997543949 0.00221632498043
519.207 1.29986 -2.01943 0 0 0 -0.999999771291 0.000676326743336
519.233 1.28735 -2.01943 0 0 0 0.999999710191 0.00076132672135
519.257 1.27426 -2.01956 0 0 0 0.999998201973 0.00189632565835
519.282 1.26159 -2.0195 0 0 0 0.999995221853 0.00309132187129
519.31 1.23641 -2.01929 0 0 0 0.999986551037 0.00518630354464
519.332 1.23641 -2.01929 0 0 0 0.999986551037 0.00518630354464
519.356 1.22325 -2.01908 0 0 0 0.999981172806 0.00613628828491
519.381 1.21068 -2.01892 0 0 0 0.999975770062 0.00696127057063
519.406 1.19807 -2.01873 0 0 0 0.999970383423 0.00769625081513
519.432 1.18529 -2.01853 0 0 0 0.999965169617 0.00834622989275
519.457 1.17273 -2.01831 0 0 0 0.999960115966 0.00893120805547
519.482 1.15965 -2.01806 0 0 0 0.999955431005 0.009441186531
519.507 1.14709 -2.01782 0 0 0 0.999951967381 0.0098011698666
519.532 1.13453 -2.01757 0 0 0 0.99994933496 0.0100661567907
519.558 1.12156 -2.0172 0 0 0 0.999946477238 0.0103461422062
519.582 1.10899 -2.01694 0 0 0 0.999945437624 0.0104461368021
519.61 1.09638 -2.01667 0 0 0 0.99994512379 0.0104761351605
519.632 1.08382 -2.01641 0 0 0 0.999945906688 0.0104011392468
519.657 1.05842 -2.01588 0 0 0 0.999949133437 0.0100861557754
519.682 1.05842 -2.01588 0 0 0 0.999949133437 0.0100861557754
519.708 1.04575 -2.01562 0 0 0 0.999951574534 0.00984116793744
519.733 1.03319 -2.01538 0 0 0 0.999954243045 0.00956618088579
519.757 1.0201 -2.01511 0 0 0 0.999956603341 0.00931619202869
519.782 1.00754 -2.01488 0 0 0 0.999959308107 0.00902120442961
519.809 0.994927 -2.01466 0 0 0 0.999962230657 0.00869121737272
519.833 0.982366 -2.01444 0 0 0 0.999964793024 0.00839122831692
519.86 0.969804 -2.01424 0 0 0 0.999967305838 0.00808623866948
519.883 0.95666 -2.01389 0 0 0 0.999969335317 0.00783124674635
519.909 0.944152 -2.0137 0 0 0 0.99997186518 0.00750125644527
519.94 0.931698 -2.01351 0 0 0 0.999974357809 0.00716126558409
519.96 0.919243 -2.01334 0 0 0 0.999976939029 0.00679127458995
519.982 0.906274 -2.01309 0 0 0 0.999979254726 0.00644128225247
520.006 0.893819 -2.01293 0 0 0 0.999981721022 0.00604628995463
520.032 0.881256 -2.01279 0 0 0 0.999984144121 0.00563129703165
520.057 0.868257 -2.01254 0 0 0 0.999986421067 0.00521130320679
520.084 0.855855 -2.01242 0 0 0 0.999988878151 0.00471630931013
520.107 0.8434 -2.0123 0 0 0 0.999991111307 0.00421631430234
520.135 0.830891 -2.01221 0 0 0 0.999993094466 0.00371631824049
520.157 0.81786 -2.01192 0 0 0 0.999994417773 0.00334132057755
520.182 0.805297 -2.01184 0 0 0 0.999995732928 0.00292132263972
520.215 0.792841 -2.01177 0 0 0 0.999996796194 0.0025313240916
520.234 0.780547 -2.01171 0 0 0 0.999997675128 0.00215632512384
520.26 0.755957 -2.01162 0 0 0 0.999998989915 0.00142132631634
520.281 0.743007 -2.01153 0 0 0 0.9999994526 0.00104632660398
520.306 0.743007 -2.01153 0 0 0 0.9999994526 0.00104632660398
520.332 0.730712 -2.01151 0 0 0 0.999999784618 0.000656326747776
520.357 0.718257 -2.01149 0 0 0 0.999999972075 0.000236326792697
520.382 0.705166 -2.01146 0 0 0 -0.999999973244 0.000231326792834
520.407 0.692656 -2.01147 0 0 0 -0.999999732581 0.000731326729706
520.433 0.680093 -2.0115 0 0 0 -0.999999191864 0.00127132645243
520.457 0.667637 -2.01154 0 0 0 -0.999998323122 0.00183132577126
520.482 0.654372 -2.01052 0 0 0 -0.999998709857 0.0016063261041
520.507 0.641916 -2.01056 0 0 0 -0.999997675128 0.00215632512384
520.533 0.629514 -2.01062 0 0 0 -0.99999641864 0.00267632359993
520.558 0.617165 -2.0107 0 0 0 -0.999994955478 0.00317632145388
520.582 0.604022 -2.01012 0 0 0 -0.999994009614 0.00346131988333
520.607 0.59162 -2.01021 0 0 0 -0.999992331202 0.00391631678372
520.632 0.579272 -2.01032 0 0 0 -0.99999046761 0.00436631292104
520.658 0.56687 -2.01043 0 0 0 -0.99998842559 0.00481130823213
520.681 0.55358 -2.00989 0 0 0 -0.999987518385 0.00499630600747
520.706 0.541071 -2.01002 0 0 0 -0.999985277525 0.00542630016522
520.731 0.528509 -2.01016 0 0 0 -0.999982939499 0.00584129357621
520.758 0.503491 -2.01047 0 0 0 -0.999977746782 0.00667127730866
520.785 0.49052 -2.00999 0 0 0 -0.999976700722 0.00682627377865
520.807 0.49052 -2.00999 0 0 0 -0.999976700722 0.00682627377865
520.833 0.478119 -2.01017 0 0 0 -0.999974106552 0.00719626468222
520.859 0.465664 -2.01035 0 0 0 -0.999971488867 0.00755125502913
520.882 0.452888 -2.01003 0 0 0 -0.999971033992 0.00761125330484
520.907 0.440541 -2.01022 0 0 0 -0.999968705617 0.00791124426803
520.932 0.42814 -2.01042 0 0 0 -0.999966081652 0.00823623367382
520.957 0.41574 -2.01063 0 0 0 -0.999963309247 0.00856622202631
520.982 0.40301 -2.01026 0 0 0 -0.999961092349 0.0088212123889
521.007 0.39061 -2.01048 0 0 0 -0.999957760053 0.00919119738081
521.032 0.378102 -2.01072 0 0 0 -0.99995409944 0.00958118019836
521.057 0.365541 -2.01096 0 0 0 -0.999950386394 0.00996116205524
521.082 0.352574 -2.0108 0 0 0 -0.999947250387 0.0102711461914
521.107 0.340067 -2.01106 0 0 0 -0.999943806461 0.0106011282188
521.132 0.327614 -2.01133 0 0 0 -0.999940907709 0.0108711126569
521.156 0.315161 -2.0116 0 0 0 -0.999938547309 0.0110860996991
521.181 0.302708 -2.01188 0 0 0 -0.99993631009 0.0112860871855
521.207 0.289928 -2.01173 0 0 0 -0.999934720238 0.0114260781579
521.232 0.277529 -2.01201 0 0 0 -0.999932589302 0.0116110658845
521.257 0.26513 -2.0123 0 0 0 -0.999930483112 0.0117910535615
521.282 0.252477 -2.01225 0 0 0 -0.999927624461 0.0120310365356
521.307 0.239971 -2.01255 0 0 0 -0.999925747639 0.0121860251722
521.332 0.227358 -2.01286 0 0 0 -0.999923723333 0.012351012754
521.359 0.214691 -2.01317 0 0 0 -0.999921859432 0.0125010011729
521.381 0.201676 -2.01314 0 0 0 -0.999919973033 0.0126509893107
521.407 0.189009 -2.01346 0 0 0 -0.999918128127 0.0127959775732
521.432 0.17645 -2.01378 0 0 0 -0.999917036857 0.0128809705678
521.458 0.163783 -2.01411 0 0 0 -0.99991697244 0.0128859701528
521.482 0.151278 -2.01443 0 0 0 -0.999917551296 0.012840973876
521.507 0.138675 -2.01447 0 0 0 -0.999918766676 0.0127459816509
521.532 0.126277 -2.01479 0 0 0 -0.999920604332 0.0126009932962
521.558 0.113771 -2.0151 0 0 0 -0.999923352353 0.0123810104601
521.583 0.101265 -2.0154 0 0 0 -0.999927323372 0.0120560347224
521.607 0.0884855 -2.01546 0 0 0 -0.999932007499 0.0116610624994
521.633 0.0759792 -2.01574 0 0 0 -0.99993670449 0.0112510894077
521.659 0.06358 -2.01602 0 0 0 -0.999940853341 0.0108761123613
521.682 0.0510732 -2.01629 0 0 0 -0.999944335268 0.0105511310152
521.707 0.038236 -2.01628 0 0 0 -0.999946321934 0.0103611414022
521.731 0.0255679 -2.01654 0 0 0 -0.99994948584 0.0100511575496
521.757 0.0130607 -2.01679 0 0 0 -0.999952796868 0.00971617391406
521.781 -0.0119005 -2.01726 0 0 0 -0.999959533325 0.00899620544409
521.807 -0.0246035 -2.01727 0 0 0 -0.999962143695 0.00870121699459
521.831 -0.0246035 -2.01727 0 0 0 -0.999962143695 0.00870121699459
521.856 -0.0369503 -2.01748 0 0 0 -0.999965834115 0.00826623265256
521.882 -0.061698 -2.01787 0 0 0 -0.999973089275 0.00733626098615
521.906 -0.0614614 -2.01776 0 0 0 -0.999972276237 0.00744625798137
521.936 -0.0739697 -2.01794 0 0 0 -0.999975804856 0.0069562706917
521.958 -0.0865856 -2.01811 0 0 0 -0.999979190263 0.0064512820447
521.982 -0.0990942 -2.01826 0 0 0 -0.999982439377 0.00592629210486
522.006 -0.111951 -2.01822 0 0 0 -0.999985601303 0.00536630103883
522.031 -0.12446 -2.01835 0 0 0 -0.9999882808 0.00484130788272
522.059 -0.136969 -2.01846 0 0 0 -0.99999059815 0.00433631320506
522.082 -0.149478 -2.01856 0 0 0 -0.999992622113 0.00384131734793
522.107 -0.162193 -2.01845 0 0 0 -0.99999526811 0.00307632194262
522.131 -0.174434 -2.01852 0 0 0 -0.999996458672 0.00266132365335
522.159 -0.186782 -2.01859 0 0 0 -0.999997374912 0.00229132478992
522.182 -0.199292 -2.01864 0 0 0 -0.999998017309 0.00199132547883
522.206 -0.211925 -2.01841 0 0 0 -0.999998163846 0.00191632562201
522.232 -0.236944 -2.0185 0 0 0 -0.999998857946 0.00151132621956
522.257 -0.236944 -2.0185 0 0 0 -0.999998857946 0.00151132621956
522.283 -0.249454 -2.01853 0 0 0 -0.999999073395 0.00136132637443
522.307 -0.262042 -2.01853 0 0 0 -0.999998544225 0.00170632596689
522.331 -0.274659 -2.01857 0 0 0 -0.99999878113 0.00156132616054
522.357 -0.287222 -2.01861 0 0 0 -0.999998968483 0.00143632630103
522.383 -0.299785 -2.01864 0 0 0 -0.999999185495 0.00127632644837
522.407 -0.312458 -2.01858 0 0 0 -0.999998741784 0.00158632612958
522.432 -0.325129 -2.01862 0 0 0 -0.999999004079 0.00141132632637
522.457 -0.337745 -2.01865 0 0 0 -0.999999248061 0.00122632648752
522.486 -0.362765 -2.01871 0 0 0 -0.999999682932 0.000796326710733
522.507 -0.362914 -2.01868 0 0 0 -0.999999153274 0.00130132642761
522.532 -0.375316 -2.01871 0 0 0 -0.999999463013 0.0010363266094
522.557 -0.387987 -2.01873 0 0 0 -0.999999706372 0.000766326719891
522.582 -0.400818 -2.01875 0 0 0 -0.999999884162 0.000481326776311
522.607 -0.413661 -2.01878 0 0 0 -0.999999728911 0.00073632672836
522.631 -0.426332 -2.01879 0 0 0 -0.99999987683 0.000496326774519
522.657 -0.439002 -2.0188 0 0 0 -0.999999960428 0.000281326791186
522.683 -0.451727 -2.01881 0 0 0 -0.999999993234 0.000116326794634
522.707 -0.464514 -2.01886 0 0 0 -0.999999858846 0.000531326769897
522.732 -0.477131 -2.01888 0 0 0 -0.999999923432 0.000391326784909
522.758 -0.489587 -2.01888 0 0 0 -0.999999972075 0.000236326792697
522.781 -0.50215 -2.01889 0 0 0 -0.999999997456 7.13267948362e-05
522.806 -0.514602 -2.01895 0 0 0 -0.999999940029 0.000346326787974
522.831 -0.527327 -2.01895 0 0 0 -0.999999992021 0.000126326794561
522.858 -0.539944 -2.01895 0 0 0 0.999999993234 0.000116326794634
522.882 -0.552507 -2.01895 0 0 0 0.999999932902 0.000366326786703
522.906 -0.565062 -2.01848 0 0 0 0.999998887972 0.0014913262421
522.932 -0.577464 -2.01844 0 0 0 0.999998518517 0.00172132594486
522.957 -0.589973 -2.01839 0 0 0 0.999998192479 0.00190132564933
522.982 -0.602483 -2.01834 0 0 0 0.999997813177 0.00209132527044
523.007 -0.615029 -2.01764 0 0 0 0.999993817729 0.0035163195486
523.031 -0.627646 -2.01755 0 0 0 0.999993038608 0.00373131813648
523.057 -0.640316 -2.01745 0 0 0 0.999992232982 0.00394131659077
523.082 -0.652879 -2.01735 0 0 0 0.999991527939 0.0041163151703
523.107 -0.665322 -2.01651 0 0 0 0.999984646888 0.005541298436
523.13 -0.677723 -2.01637 0 0 0 0.99998431261 0.0056012975048
523.156 -0.690071 -2.01623 0 0 0 0.999984087758 0.00564129687281
523.182 -0.702419 -2.01609 0 0 0 0.999983918069 0.0056712963929
523.207 -0.71499 -2.01532 0 0 0 0.999977512675 0.0067062765257
523.231 -0.727391 -2.01515 0 0 0 0.999977445562 0.0067162763005
523.257 -0.739685 -2.01499 0 0 0 0.999977445562 0.0067162763005
523.281 -0.751979 -2.01482 0 0 0 0.999977512675 0.0067062765257
523.306 -0.764434 -2.01465 0 0 0 0.999977813445 0.00666127753086
523.332 -0.776932 -2.01396 0 0 0 0.999973527651 0.00727626258763
523.357 -0.789333 -2.01378 0 0 0 0.999973817902 0.00723626364071
523.387 -0.801734 -2.0136 0 0 0 0.999974142521 0.0071912648116
523.407 -0.813974 -2.01343 0 0 0 0.999974785685 0.00710126710977
523.431 -0.826223 -2.01297 0 0 0 0.999978178303 0.00660627874107
523.457 -0.838571 -2.0128 0 0 0 0.999978931412 0.00649128120714
523.482 -0.850918 -2.01265 0 0 0 0.999979893855 0.00634128429496
523.506 -0.862977 -2.01233 0 0 0 0.999983201345 0.00579629433803
523.531 -0.875325 -2.01219 0 0 0 0.999984563656 0.00555629820508
523.557 -0.887672 -2.01206 0 0 0 0.999986106589 0.00527130238264
523.582 -0.899966 -2.01193 0 0 0 0.999987593217 0.00498130619413
523.607 -0.912314 -2.01182 0 0 0 0.999989182599 0.00465131002313
523.631 -0.924468 -2.01159 0 0 0 0.999988830938 0.00472630919867
523.657 -0.936923 -2.01148 0 0 0 0.99999046761 0.00436631292104
523.686 -0.949486 -2.01138 0 0 0 0.999991974684 0.00400631607754
523.707 -0.961532 -2.01128 0 0 0 0.999994044178 0.00345131994306
523.732 -0.97388 -2.0112 0 0 0 0.999995050318 0.00314632160379
523.757 -0.986229 -2.01113 0 0 0 0.999995963434 0.00284132297183
523.783 -0.998523 -2.01106 0 0 0 0.999996808838 0.00252632410759
523.807 -1.01071 -2.011 0 0 0 0.999997620908 0.00218132506504
523.831 -1.0226 -2.01091 0 0 0 0.999998594965 0.0016763260098
523.857 -1.03484 -2.01088 0 0 0 0.999999086958 0.00135132638362
523.882 -1.04719 -2.01085 0 0 0 0.999999463013 0.0010363266094
523.906 -1.05954 -2.01082 0 0 0 0.999999757565 0.000696326738625
523.931 -1.0718 -2.01061 0 0 0 0.999999750551 0.000706326736166
523.958 -1.08442 -2.01059 0 0 0 0.999999949969 0.000316326789621
523.986 -1.09703 -2.01059 0 0 0 -0.999999992021 0.000126326794561
524.006 -1.12237 -2.01062 0 0 0 -0.999999376907 0.00111632656304
524.03 -1.12201 -2.01048 0 0 0 -0.999999140211 0.00131132641908
524.055 -1.13452 -2.01052 0 0 0 -0.999998313952 0.00183632576285
524.081 -1.14703 -2.01057 0 0 0 -0.999997294103 0.00232632469663
524.106 -1.172 -2.0107 0 0 0 -0.999995128663 0.00312132172655
524.131 -1.17179 -2.01061 0 0 0 -0.999994517562 0.00331132074351
524.156 -1.18425 -2.0107 0 0 0 -0.999993260687 0.00367131854749
524.181 -1.20943 -2.0109 0 0 0 -0.999990899242 0.00426631385262
524.211 -1.22199 -2.01101 0 0 0 -0.99998989154 0.00449631164457
524.231 -1.2218 -2.01092 0 0 0 -0.999991650978 0.00408631542261
524.255 -1.23436 -2.01102 0 0 0 -0.99999104795 0.00423131416854
524.282 -1.24698 -2.01113 0 0 0 -0.999990641463 0.00432631329886
524.307 -1.25959 -2.01124 0 0 0 -0.999990641463 0.00432631329886
524.332 -1.28455 -2.01142 0 0 0 -0.999991111307 0.00421631430234
524.356 -1.28455 -2.01142 0 0 0 -0.999991111307 0.00421631430234
524.38 -1.29711 -2.01152 0 0 0 -0.999992213263 0.00394631655189
524.406 -1.30968 -2.01162 0 0 0 -0.999993533224 0.00359631904268
524.431 -1.32198 -2.01161 0 0 0 -0.999994632846 0.00327632093338
524.457 -1.33459 -2.01169 0 0 0 -0.999996242566 0.00274132336144
524.481 -1.3471 -2.01175 0 0 0 -0.99999783404 0.00208132529221
524.506 -1.35956 -2.01179 0 0 0 -0.999999198208 0.00126632645645
524.531 -1.37198 -2.01174 0 0 0 -0.999999747007 0.00071132673491
524.557 -1.38444 -2.01175 0 0 0 0.999999967148 0.00025632679209
524.583 -1.39689 -2.01173 0 0 0 0.999999004079 0.00141132632637
524.609 -1.40951 -2.01167 0 0 0 0.999996215103 0.00275132332373
524.631 -1.42245 -2.01144 0 0 0 0.999990641463 0.00432631329886
524.657 -1.43523 -2.0113 0 0 0 0.999981234119 0.00612628847287
524.681 -1.4479 -2.01112 0 0 0 0.999967184432 0.00810123817815
524.708 -1.46051 -2.01089 0 0 0 0.999947609264 0.0102361480314
524.731 -1.47313 -2.01059 0 0 0 0.999938436398 0.011096099084
524.756 -1.48569 -2.01028 0 0 0 0.999907503381 0.0136009074334
524.781 -1.49825 -2.0099 0 0 0 0.999866320035 0.0163505981735
524.806 -1.51081 -2.00946 0 0 0 0.999814410067 0.0192651349014
524.83 -1.52327 -2.00886 0 0 0 0.999759737337 0.0219195711413
524.855 -1.53571 -2.00827 0 0 0 0.999684601645 0.02511368619
524.882 -1.56074 -2.00684 0 0 0 0.999492311572 0.0318609338906
524.907 -1.57328 -2.006 0 0 0 0.999371135755 0.0354588919816
524.931 -1.58586 -2.00506 0 0 0 0.999230746289 0.0392162679465
524.956 -1.58587 -2.00493 0 0 0 0.999231530414 0.0391962833237
524.981 -1.59844 -2.0039 0 0 0 0.99907149703 0.0430829876133
525.006 -1.61079 -2.00278 0 0 0 0.998888110738 0.0471438461079
525.03 -1.62319 -2.00155 0 0 0 0.998675900913 0.0514436092836
525.056 -1.63555 -2.00014 0 0 0 0.998420559317 0.0561817295255
525.082 -1.64792 -1.99869 0 0 0 0.998132062264 0.0610932588821
525.106 -1.66012 -1.99712 0 0 0 0.997807838217 0.066177926778
525.132 -1.67246 -1.99541 0 0 0 0.997445940485 0.0714254563149
525.156 -1.68457 -1.99352 0 0 0 0.997032245047 0.0769850786567
525.181 -1.69682 -1.99155 0 0 0 0.996582193949 0.0826070862775
525.207 -1.70915 -1.98942 0 0 0 0.996092939206 0.0883111344257
525.231 -1.7215 -1.98714 0 0 0 0.995558336253 0.094146689362
525.256 -1.73367 -1.98468 0 0 0 0.994989046414 0.0999839862944
525.282 -1.74581 -1.98214 0 0 0 0.994360636167 0.106051521641
525.308 -1.75791 -1.97945 0 0 0 0.99368513149 0.112204542938
525.332 -1.76983 -1.9766 0 0 0 0.992976286132 0.118313546052
525.356 -1.78192 -1.9736 0 0 0 0.992197501811 0.124676049828
525.382 -1.79392 -1.97045 0 0 0 0.991362218969 0.131152395329
525.407 -1.80587 -1.96715 0 0 0 0.990469519162 0.137732100875
525.432 -1.81783 -1.96367 0 0 0 0.989517992553 0.144409634074
525.457 -1.8297 -1.96001 0 0 0 0.988533531254 0.151001515179
525.485 -1.85342 -1.95223 0 0 0 0.986324352603 0.16481587139
525.515 -1.85342 -1.95223 0 0 0 0.986324352603 0.16481587139
525.533 -1.86522 -1.94808 0 0 0 0.985136181341 0.171775155981
525.556 -1.8768 -1.94383 0 0 0 0.983937310873 0.178514336321
525.581 -1.88818 -1.93947 0 0 0 0.982643214691 0.185505559542
525.608 -1.91129 -1.93004 0 0 0 0.979890106955 0.199537911915
525.632 -1.91131 -1.93006 0 0 0 0.979941953691 0.199283133746
525.656 -1.92284 -1.92507 0 0 0 0.978487917104 0.206304134911
525.682 -1.9343 -1.91992 0 0 0 0.976980377917 0.213329184983
525.707 -1.94568 -1.9146 0 0 0 0.975414690482 0.220377361797
525.732 -1.95698 -1.90912 0 0 0 0.973784509864 0.227472478223
525.756 -1.96833 -1.90326 0 0 0 0.972039355026 0.234817998205
525.782 -1.97942 -1.89746 0 0 0 0.970271473204 0.242019148596
525.808 -1.99037 -1.89153 0 0 0 0.968439028647 0.249250572304
525.832 -2.012 -1.87918 0 0 0 0.964611241346 0.263676227728
525.856 -2.0121 -1.87878 0 0 0 0.96450305302 0.264071696164
525.881 -2.02287 -1.8723 0 0 0 0.962532023801 0.271168034912
525.907 -2.03335 -1.86578 0 0 0 0.960547729516 0.278115190741
525.932 -2.04379 -1.85908 0 0 0 0.95854606842 0.284937597933
525.956 -2.05437 -1.85173 0 0 0 0.956390860617 0.292089920622
525.98 -2.06474 -1.84464 0 0 0 0.95430339384 0.298839476151
526.006 -2.07505 -1.83737 0 0 0 0.952165238158 0.305583637069
526.031 -2.0853 -1.82993 0 0 0 0.949976298276 0.312322001649
526.056 -2.09546 -1.82215 0 0 0 0.947707763212 0.319139460968
526.081 -2.10549 -1.81442 0 0 0 0.945432667949 0.325817541538
526.109 -2.11542 -1.80654 0 0 0 0.943118827528 0.332455827384
526.132 -2.12523 -1.79853 0 0 0 0.940770244661 0.339044756281
526.156 -2.13495 -1.79043 0 0 0 0.938410187087 0.345523256485
526.181 -2.14438 -1.78229 0 0 0 0.935987916271 0.352032130061
526.206 -2.15373 -1.77398 0 0 0 0.933542009869 0.358468012255
526.232 -2.16301 -1.76551 0 0 0 0.931073742278 0.364831038209
526.256 -2.17228 -1.75695 0 0 0 0.928645596194 0.370968134304
526.281 -2.18133 -1.74824 0 0 0 0.926129855086 0.377204840264
526.306 -2.19026 -1.7394 0 0 0 0.923597149975 0.383364453958
526.332 -2.19907 -1.73044 0 0 0 0.921042952511 0.389461011695
526.356 -2.2078 -1.72134 0 0 0 0.918472243673 0.395485445501
526.381 -2.21654 -1.71218 0 0 0 0.915948430028 0.401295992417
526.408 -2.22503 -1.70285 0 0 0 0.913326783616 0.407227438085
526.433 -2.24158 -1.68394 0 0 0 0.908066821599 0.418825318612
526.456 -2.24162 -1.68387 0 0 0 0.908054256431 0.418852560428
526.481 -2.24975 -1.67422 0 0 0 0.905393236784 0.424574006253
526.506 -2.25772 -1.66451 0 0 0 0.90270692471 0.430255979714
526.532 -2.2655 -1.65479 0 0 0 0.899995852468 0.435898457833
526.556 -2.27323 -1.64485 0 0 0 0.897247304032 0.441528340435
526.581 -2.28083 -1.63485 0 0 0 0.894490365396 0.44708722439
526.606 -2.28828 -1.6248 0 0 0 0.891717091623 0.452593226316
526.631 -2.29557 -1.6147 0 0 0 0.888916797396 0.458068692782
526.656 -2.3024 -1.60377 0 0 0 0.885827808453 0.464014109453
526.682 -2.30943 -1.59349 0 0 0 0.883006675323 0.469360427961
526.707 -2.31636 -1.58307 0 0 0 0.880188874683 0.474623582309
526.733 -2.32317 -1.57258 0 0 0 0.877373292151 0.479808405742
526.756 -2.32965 -1.56149 0 0 0 0.874369504788 0.485260722804
526.78 -2.33618 -1.55088 0 0 0 0.871537849892 0.490328233131
526.805 -2.34258 -1.5402 0 0 0 0.868676825974 0.495379220412
526.831 -2.34892 -1.52935 0 0 0 0.865774018836 0.500435158945
526.857 -2.3551 -1.51847 0 0 0 0.862821565421 0.505508601553
526.881 -2.361 -1.5071 0 0 0 0.85971171391 0.510779569839
526.906 -2.36691 -1.49608 0 0 0 0.856732169908 0.515761562203
526.932 -2.37271 -1.48499 0 0 0 0.853752394452 0.520679218874
526.956 -2.37832 -1.47393 0 0 0 0.850786435536 0.525511599404
526.981 -2.38364 -1.46255 0 0 0 0.847750695966 0.530394907111
527.005 -2.38905 -1.45127 0 0 0 0.844823391724 0.535045266119
527.037 -2.39946 -1.42863 0 0 0 0.838965816704 0.544184121784
527.058 -2.39933 -1.42834 0 0 0 0.838867849971 0.544335126815
527.081 -2.4093 -1.40533 0 0 0 0.832967889696 0.553321330455
527.107 -2.4093 -1.40533 0 0 0 0.832967889696 0.553321330455
527.131 -2.41407 -1.39383 0 0 0 0.829965035324 0.557815417625
527.157 -2.41871 -1.38227 0 0 0 0.826921065223 0.562318016687
527.18 -2.42311 -1.37039 0 0 0 0.823750630508 0.566952289649
527.207 -2.42749 -1.35873 0 0 0 0.820625664141 0.571466113915
527.23 -2.43175 -1.34702 0 0 0 0.817450044947 0.575999500014
527.256 -2.43589 -1.33522 0 0 0 0.814220355454 0.58055595145
527.281 -2.43981 -1.32313 0 0 0 0.810857012361 0.585244312664
527.309 -2.44365 -1.31134 0 0 0 0.807510914779 0.589852627792
527.332 -2.44737 -1.29945 0 0 0 0.804126738249 0.59445789492
527.356 -2.45098 -1.28742 0 0 0 0.800686344839 0.599083781444
527.381 -2.45445 -1.27518 0 0 0 0.797195192283 0.603721645629
527.406 -2.45777 -1.26312 0 0 0 0.793665008957 0.608355039066
527.433 -2.46095 -1.25102 0 0 0 0.790083376814 0.612999394521
527.456 -2.464 -1.23884 0 0 0 0.786449861747 0.617654122433
527.48 -2.46674 -1.22651 0 0 0 0.782701796125 0.622396897762
527.506 -2.46947 -1.21436 0 0 0 0.779025457819 0.626992293469
527.533 -2.47204 -1.20228 0 0 0 0.775350559111 0.631531084338
527.556 -2.47427 -1.18975 0 0 0 0.771509267376 0.636218083956
527.581 -2.47659 -1.1774 0 0 0 0.767726155166 0.640778082236
527.606 -2.47875 -1.16508 0 0 0 0.763854783101 0.645388154782
527.633 -2.48078 -1.15268 0 0 0 0.75990047811 0.650039432164
527.657 -2.48263 -1.14036 0 0 0 0.755878569588 0.654711835877
527.681 -2.48363 -1.1274 0 0 0 0.751438779457 0.659802819582
527.706 -2.48515 -1.1152 0 0 0 0.74736016294 0.664419134922
527.732 -2.48651 -1.10303 0 0 0 0.743263222553 0.668999089686
527.756 -2.48772 -1.09085 0 0 0 0.739168525045 0.673520520536
527.781 -2.4876 -1.07758 0 0 0 0.734384907421 0.678733237547
527.806 -2.48851 -1.06505 0 0 0 0.730190003826 0.683244142538
527.832 -2.48926 -1.05262 0 0 0 0.725915811094 0.687783567122
527.856 -2.48985 -1.04012 0 0 0 0.721582244252 0.692328725954
527.88 -2.48891 -1.0266 0 0 0 0.71639046439 0.697699578995
527.906 -2.48916 -1.01382 0 0 0 0.711857873677 0.702323549145
527.933 -2.48925 -1.00121 0 0 0 0.707185857184 0.707027696345
527.957 -2.48892 -0.976245 0 0 0 0.697515926005 0.716569279951
527.981 -2.48778 -0.963322 0 0 0 0.69219426383 0.721711231118
528.006 -2.48778 -0.963322 0 0 0 0.69219426383 0.721711231118
528.031 -2.48718 -0.951041 0 0 0 0.687263397761 0.726408302608
528.056 -2.48641 -0.938556 0 0 0 0.682322591063 0.731051216896
528.081 -2.48499 -0.925526 0 0 0 0.677078178455 0.735911095351
528.106 -2.48384 -0.912854 0 0 0 0.671984314407 0.740565379417
528.132 -2.48254 -0.900358 0 0 0 0.666824923339 0.745214413182
528.157 -2.48106 -0.887829 0 0 0 0.661603375788 0.74985396788
528.181 -2.4772 -0.862611 0 0 0 0.650851146096 0.759205364592
528.206 -2.4772 -0.862611 0 0 0 0.650851146096 0.759205364592
528.231 -2.47521 -0.850315 0 0 0 0.645520806157 0.763742684953
528.256 -2.47304 -0.837995 0 0 0 0.640174200551 0.768229778744
528.281 -2.46758 -0.813154 0 0 0 0.629142868065 0.77728968317
528.306 -2.46758 -0.813154 0 0 0 0.629142868065 0.77728968317
528.331 -2.46489 -0.800938 0 0 0 0.623694287495 0.781668366858
528.358 -2.46205 -0.788865 0 0 0 0.618215233284 0.786008858306
528.381 -2.45921 -0.776804 0 0 0 0.612911433272 0.790151615175
528.406 -2.45604 -0.764813 0 0 0 0.607452783679 0.794355786534
528.431 -2.4527 -0.752815 0 0 0 0.602025184616 0.798477098662
528.457 -2.44917 -0.740812 0 0 0 0.596641853171 0.802507631767
528.481 -2.44574 -0.72888 0 0 0 0.591493620206 0.80630967826
528.506 -2.44193 -0.717075 0 0 0 0.586146979275 0.810204738746
528.53 -2.43796 -0.705271 0 0 0 0.580766549014 0.814070153946
528.555 -2.43388 -0.693672 0 0 0 0.575344270527 0.817911346279
528.58 -2.42963 -0.682079 0 0 0 0.569843174447 0.821753464572
528.605 -2.421 -0.659106 0 0 0 0.559046200102 0.829136506344
528.631 -2.421 -0.659106 0 0 0 0.559046200102 0.829136506344
528.655 -2.4163 -0.647689 0 0 0 0.553578418959 0.832797054548
528.68 -2.41168 -0.636274 0 0 0 0.548408651616 0.836210470415
528.706 -2.40673 -0.625078 0 0 0 0.543062503723 0.839692275211
528.731 -2.40164 -0.613946 0 0 0 0.537765915821 0.843094193896
528.759 -2.39641 -0.602879 0 0 0 0.532460714807 0.846454716561
528.783 -2.39091 -0.591649 0 0 0 0.527151509994 0.849771313655
528.806 -2.38537 -0.580669 0 0 0 0.521693683385 0.85313287401
528.831 -2.37965 -0.569666 0 0 0 0.516158750497 0.856492933004
528.858 -2.37379 -0.558739 0 0 0 0.510567784314 0.859837506521
528.881 -2.36749 -0.547636 0 0 0 0.504899041514 0.863178404432
528.906 -2.36124 -0.536679 0 0 0 0.499217103277 0.866476937833
528.932 -2.35484 -0.525806 0 0 0 0.49354405699 0.869720796468
528.958 -2.34832 -0.515062 0 0 0 0.487897943651 0.872900679678
528.98 -2.33478 -0.493884 0 0 0 0.476687789215 0.879072665718
529.005 -2.33478 -0.493884 0 0 0 0.476687789215 0.879072665718
529.032 -2.32792 -0.483487 0 0 0 0.471156967242 0.882049381962
529.055 -2.32093 -0.473178 0 0 0 0.465619505074 0.884985014842
529.081 -2.30635 -0.452678 0 0 0 0.454519322944 0.890736877574
529.106 -2.30635 -0.452678 0 0 0 0.454519322944 0.890736877574
529.131 -2.29895 -0.442594 0 0 0 0.449022901482 0.893520248201
529.157 -2.29139 -0.432559 0 0 0 0.443571725771 0.896238876693
529.181 -2.28354 -0.422451 0 0 0 0.438184542739 0.898885035199
529.206 -2.27571 -0.412558 0 0 0 0.432832959322 0.901474142349
529.231 -2.26776 -0.402759 0 0 0 0.427493651083 0.904018350634
529.257 -2.25966 -0.393013 0 0 0 0.42216930389 0.906517004172
529.282 -2.25152 -0.383444 0 0 0 0.416860349296 0.908970543629
529.306 -2.24315 -0.373744 0 0 0 0.411648322936 0.911342777567
529.331 -2.23472 -0.364286 0 0 0 0.406354269983 0.913715605244
529.356 -2.22625 -0.355005 0 0 0 0.401049746439 0.916056276045
529.381 -2.21755 -0.345712 0 0 0 0.395756536664 0.918355466956
529.406 -2.20887 -0.33663 0 0 0 0.390443241784 0.920627000987
529.431 -2.20008 -0.327649 0 0 0 0.38511414102 0.922868949736
529.457 -2.19116 -0.318732 0 0 0 0.379768929784 0.925081380188
529.482 -2.18209 -0.309882 0 0 0 0.374383191096 0.927274083658
529.506 -2.17281 -0.301032 0 0 0 0.368966668906 0.929442627189
529.533 -2.16354 -0.292397 0 0 0 0.363484485989 0.93160025142
529.557 -2.15417 -0.283871 0 0 0 0.357974280125 0.933731446814
529.581 -2.14455 -0.275316 0 0 0 0.352467020545 0.935824235329
529.606 -2.13498 -0.267014 0 0 0 0.346932051808 0.937890266198
529.634 -2.12543 -0.258929 0 0 0 0.341362885331 0.939931582892
529.656 -2.11571 -0.250891 0 0 0 0.335750153651 0.941951078519
529.684 -2.09627 -0.235397 0 0 0 0.324549587584 0.945868682851
529.706 -2.09629 -0.235274 0 0 0 0.324654104092 0.945832814347
529.731 -2.08637 -0.22765 0 0 0 0.319038218565 0.94774185045
529.757 -2.07641 -0.220176 0 0 0 0.313408259593 0.94961848277
529.782 -2.06631 -0.21279 0 0 0 0.307738243226 0.951471057708
529.806 -2.05619 -0.205393 0 0 0 0.302151651396 0.953259869898
529.83 -2.04588 -0.198218 0 0 0 0.29638084477 0.955069837684
529.856 -2.03552 -0.191199 0 0 0 0.290548483882 0.956860271155
529.882 -2.02503 -0.184186 0 0 0 0.284743652549 0.958603699311
529.905 -2.01456 -0.17745 0 0 0 0.278876983898 0.960326833871
529.93 -2.00395 -0.170814 0 0 0 0.273009509002 0.96201133465
529.956 -1.99336 -0.164364 0 0 0 0.267115478202 0.963664527367
529.98 -1.98355 -0.157419 0 0 0 0.261856670219 0.965106773503
530.005 -1.97286 -0.151243 0 0 0 0.255956950085 0.966688181216
530.035 -1.96204 -0.145172 0 0 0 0.250060751955 0.968230148431
530.056 -1.95106 -0.139181 0 0 0 0.24412617367 0.969743477075
530.081 -1.92907 -0.127708 0 0 0 0.23212958367 0.97268487003
530.106 -1.93013 -0.1271 0 0 0 0.232776853999 0.972530172407
530.13 -1.91908 -0.121577 0 0 0 0.226751497186 0.973952646962
530.156 -1.90787 -0.116145 0 0 0 0.220697942561 0.975342205664
530.181 -1.89665 -0.110876 0 0 0 0.214612921833 0.976699182851
530.206 -1.88652 -0.104832 0 0 0 0.209340532046 0.977842800067
530.231 -1.87518 -0.0998252 0 0 0 0.20325042303 0.979126787264
530.256 -1.86372 -0.0949387 0 0 0 0.197155381607 0.980372253536
530.282 -1.8522 -0.0901952 0 0 0 0.191049274598 0.981580447378
530.306 -1.84276 -0.0843275 0 0 0 0.186228904814 0.982506384209
530.331 -1.83104 -0.0798021 0 0 0 0.180182023197 0.983633284571
530.356 -1.81942 -0.0754767 0 0 0 0.174180514524 0.984713739297
530.382 -1.80769 -0.0712748 0 0 0 0.168218859283 0.985749671763
530.406 -1.79581 -0.0671796 0 0 0 0.162290021274 0.986743101823
530.431 -1.78628 -0.0614051 0 0 0 0.158062818676 0.98742905839
530.456 -1.77422 -0.0575213 0 0 0 0.152213020515 0.988347710265
530.483 -1.76217 -0.053796 0 0 0 0.146391024327 0.989226803113
530.506 -1.75012 -0.0502283 0 0 0 0.14056048774 0.990072092974
530.531 -1.72564 -0.0436275 0 0 0 0.128748130439 0.991677326003
530.556 -1.72564 -0.0436275 0 0 0 0.128748130439 0.991677326003
530.581 -1.71348 -0.04049 0 0 0 0.122982855966 0.992408795375
530.606 -1.701 -0.0374691 0 0 0 0.117087302437 0.993121625788
530.631 -1.68871 -0.034604 0 0 0 0.111492214044 0.993765307408
530.656 -1.67634 -0.0318651 0 0 0 0.105956731947 0.9943707412
530.682 -1.66404 -0.0292851 0 0 0 0.100507509005 0.994936299787
530.706 -1.65135 -0.0267543 0 0 0 0.0947536370689 0.995500752517
530.731 -1.63911 -0.0244701 0 0 0 0.0894074535186 0.995995134152
530.757 -1.62689 -0.0223256 0 0 0 0.0841618259438 0.996452099729
530.787 -1.6146 -0.0202996 0 0 0 0.0790334901507 0.996871961405
530.806 -1.6024 -0.0184149 0 0 0 0.0740451714309 0.997254888475
530.83 -1.58969 -0.0165584 0 0 0 0.0687168046446 0.99763620662
530.856 -1.57745 -0.0149232 0 0 0 0.0639972342872 0.997950075907
530.886 -1.56504 -0.0133822 0 0 0 0.0594229730057 0.998232893807
530.905 -1.55237 -0.0119299 0 0 0 0.0548874033587 0.998492550274
530.93 -1.53993 -0.0106132 0 0 0 0.0505169890134 0.998723201804
530.956 -1.52743 -0.00939887 0 0 0 0.046251493901 0.998929827021
530.983 -1.51491 -0.00829003 0 0 0 0.0420951579565 0.999113605991
531.006 -1.50216 -0.00724148 0 0 0 0.0380029965529 0.999277625214
531.031 -1.48969 -0.00633916 0 0 0 0.0341746943418 0.999415874532
531.056 -1.47726 -0.00553384 0 0 0 0.0305122135615 0.999534394017
531.086 -1.46493 -0.00482305 0 0 0 0.0270722919878 0.999633478334
531.107 -1.4526 -0.00419405 0 0 0 0.0238816293401 0.999714793219
531.13 -1.43994 -0.00357871 0 0 0 0.0207650074486 0.999784383988
531.156 -1.42765 -0.00310345 0 0 0 0.0178967444939 0.999839840443
531.181 -1.41542 -0.00269916 0 0 0 0.0151348721305 0.999885461263
531.206 -1.40313 -0.00235981 0 0 0 0.0124694268392 0.999922253675
531.231 -1.39024 -0.00198246 0 0 0 0.00982454194634 0.999951738023
531.255 -1.3779 -0.0017702 0 0 0 0.00736533340577 0.999972875564
531.281 -1.36544 -0.0016152 0 0 0 0.00507912816158 0.999987101145
531.305 -1.35251 -0.00144772 0 0 0 0.00287581103602 0.999995864847
531.33 -1.33995 -0.00140122 0 0 0 0.000825964906085 0.999999658891
531.355 -1.32728 -0.00140449 0 0 0 -0.00108407478766 0.999999412391
531.382 -1.3146 -0.0014541 0 0 0 -0.0028309862185 0.99999599275
531.412 -1.30174 -0.00143841 0 0 0 -0.00446080020582 0.999990050581
531.431 -1.28918 -0.00156738 0 0 0 -0.00580491739806 0.999983151325
531.457 -1.27677 -0.00172572 0 0 0 -0.00696254374488 0.999975761199
531.482 -1.26427 -0.0019126 0 0 0 -0.00797706539605 0.999968182708
531.506 -1.2517 -0.00212352 0 0 0 -0.00881183595844 0.99996117502
531.53 -1.23879 -0.00224499 0 0 0 -0.00954340513061 0.999954460672
531.556 -1.22628 -0.00248995 0 0 0 -0.0100385813892 0.999949612172
531.581 -1.21367 -0.00274756 0 0 0 -0.0103806635574 0.99994611946
531.606 -1.20106 -0.00301234 0 0 0 -0.0106062511359 0.999943752137
531.631 -1.18802 -0.00319224 0 0 0 -0.0107734415822 0.999941964794
531.659 -1.16274 -0.00373729 0 0 0 -0.0107518928304 0.99994219673
531.682 -1.16274 -0.00373729 0 0 0 -0.0107518928304 0.99994219673
531.705 -1.14983 -0.00399775 0 0 0 -0.0107360437452 0.999942367022
531.73 -1.13732 -0.004265 0 0 0 -0.0106287498676 0.999943513243
531.755 -1.1247 -0.00453221 0 0 0 -0.0105514042051 0.999944332385
531.78 -1.11204 -0.00479882 0 0 0 -0.0104907075648 0.999944971013
531.808 -1.09942 -0.00506297 0 0 0 -0.0104466599786 0.999945432159
531.83 -1.0867 -0.00541402 0 0 0 -0.0105568539016 0.999944274865
531.855 -1.07419 -0.00567724 0 0 0 -0.010486157815 0.999945018736
531.881 -1.06163 -0.00593912 0 0 0 -0.0103589147268 0.999946345003
531.906 -1.04902 -0.00619852 0 0 0 -0.0102016730367 0.99994796158
531.932 -1.03614 -0.00656818 0 0 0 -0.0101756243888 0.999948226994
531.955 -1.02347 -0.00682357 0 0 0 -0.00998173423752 0.99995018125
531.98 -1.0108 -0.00707372 0 0 0 -0.0097612949793 0.999952357425
532.006 -0.998134 -0.00731824 0 0 0 -0.0095374554014 0.999954517438
532.031 -0.985216 -0.00813076 0 0 0 -0.00997523456113 0.99995024611
532.056 -0.972762 -0.0083765 0 0 0 -0.00975474529115 0.99995242134
532.08 -0.960362 -0.00861593 0 0 0 -0.0095509047888 0.999954389069
532.107 -0.947908 -0.00885168 0 0 0 -0.009377012577 0.999956034851
532.13 -0.935058 -0.00970051 0 0 0 -0.00981489241161 0.999951832783
532.156 -0.922605 -0.00994147 0 0 0 -0.00953120568548 0.999954577027
532.181 -0.910097 -0.0101761 0 0 0 -0.00922416918813 0.999957456446
532.206 -0.897536 -0.0104035 0 0 0 -0.00887718340237 0.999960597031
532.231 -0.884453 -0.0111761 0 0 0 -0.00905122640894 0.999959036811
532.255 -0.871838 -0.0113984 0 0 0 -0.00856779517368 0.999963295769
532.279 -0.85933 -0.0116065 0 0 0 -0.00806436258789 0.999967482499
532.305 -0.846768 -0.0118025 0 0 0 -0.00753427871718 0.999971616919
532.33 -0.833673 -0.0125262 0 0 0 -0.0075320787796 0.999971633492
532.355 -0.821219 -0.0127072 0 0 0 -0.00700534270107 0.999975462286
532.38 -0.80871 -0.0128761 0 0 0 -0.00649190439911 0.999978927367
532.407 -0.796255 -0.0130315 0 0 0 -0.00598846420667 0.999982068987
532.431 -0.78317 -0.0137923 0 0 0 -0.00608011253801 0.999981515945
532.455 -0.770876 -0.0139352 0 0 0 -0.00554337160926 0.999984635398
532.482 -0.758475 -0.0140654 0 0 0 -0.0049567097029 0.999987715439
532.506 -0.746019 -0.0141807 0 0 0 -0.00430013174751 0.999990754391
532.531 -0.732908 -0.0147627 0 0 0 -0.00411305340301 0.99999154136
532.556 -0.720506 -0.0148565 0 0 0 -0.00344981315714 0.999994049377
532.58 -0.707997 -0.0149346 0 0 0 -0.0027965563548 0.999996089629
532.607 -0.695434 -0.0149967 0 0 0 -0.00214663335137 0.99999769598
532.63 -0.682178 -0.0155128 0 0 0 -0.00196773373016 0.99999806401
532.655 -0.669883 -0.0155534 0 0 0 -0.00132779460984 0.99999911848
532.679 -0.657588 -0.015578 0 0 0 -0.000677869948086 0.999999770246
532.704 -0.645347 -0.0155871 0 0 0 -6.45589999552e-05 0.999999997916
532.729 -0.633052 -0.0155816 0 0 0 0.000508804978047 0.999999870559
532.755 -0.619372 -0.016169 0 0 0 0.000445246485289 0.999999900878
532.783 -0.60697 -0.0161512 0 0 0 0.000991974837314 0.999999507993
532.808 -0.582112 -0.0160743 0 0 0 0.00209542346657 0.999997804598
532.83 -0.569656 -0.0160151 0 0 0 0.0026587968674 0.999996465393
532.855 -0.568888 -0.0162556 0 0 0 0.0023864127349 0.999997152513
532.88 -0.556432 -0.0161891 0 0 0 0.00295644069317 0.99999562972
532.908 -0.543923 -0.0161084 0 0 0 0.00349651287546 0.99999388718
532.931 -0.530819 -0.0161719 0 0 0 0.0038237856818 0.999992689305
532.955 -0.518417 -0.0160704 0 0 0 0.00436052618124 0.999990492861
532.98 -0.505962 -0.0159554 0 0 0 0.00487396070257 0.999988122183
